0.000000e+00	0.000000e+00
2.485985e-02	1.040000e-01
4.971971e-02	1.059000e-01
7.457956e-02	1.670000e-02
9.943942e-02	-3.530000e-02
1.242993e-01	2.650000e-02
1.491591e-01	-6.900000e-03
1.740190e-01	6.860000e-02
1.988788e-01	-1.670000e-02
2.237387e-01	3.820000e-02
2.485985e-01	-2.000000e-03
2.734584e-01	3.920000e-02
2.983183e-01	6.180000e-02
3.231781e-01	2.650000e-02
3.480380e-01	8.920000e-02
3.728978e-01	-2.840000e-02
3.977577e-01	2.900000e-03
4.226175e-01	2.060000e-02
4.474774e-01	1.180000e-02
4.723372e-01	5.490000e-02
4.971971e-01	1.470000e-02
5.220569e-01	1.049000e-01
5.469168e-01	-1.000000e-03
5.717766e-01	-7.800000e-03
5.966365e-01	1.860000e-02
6.214964e-01	-1.470000e-02
6.463562e-01	4.710000e-02
6.712161e-01	-7.940000e-02
6.960759e-01	3.330000e-02
7.209358e-01	-1.000000e-03
7.457956e-01	6.570000e-02
7.706555e-01	7.800000e-03
7.955153e-01	7.350000e-02
8.203752e-01	-5.590000e-02
8.452350e-01	-2.940000e-02
8.700949e-01	1.180000e-02
8.949548e-01	-5.300000e-02
9.198146e-01	4.020000e-02
9.446745e-01	-5.390000e-02
9.695343e-01	6.280000e-02
9.943942e-01	-5.300000e-02
1.019254e+00	-3.920000e-02
1.044114e+00	7.800000e-03
1.068974e+00	-5.000000e-02
1.093834e+00	1.461000e-01
1.118693e+00	5.590000e-02
1.143553e+00	8.240000e-02
1.168413e+00	-1.138000e-01
1.193273e+00	-2.840000e-02
1.218133e+00	-3.430000e-02
1.242993e+00	7.750000e-02
1.267853e+00	-4.120000e-02
1.292712e+00	6.370000e-02
1.317572e+00	-4.900000e-02
1.342432e+00	-2.260000e-02
1.367292e+00	1.470000e-02
1.392152e+00	1.370000e-02
1.417012e+00	9.510000e-02
1.441872e+00	-3.040000e-02
1.466731e+00	-5.390000e-02
1.491591e+00	-1.373000e-01
1.516451e+00	-5.590000e-02
1.541311e+00	-5.590000e-02
1.566171e+00	3.040000e-02
1.591031e+00	2.060000e-02
1.615891e+00	4.310000e-02
1.640750e+00	-2.900000e-03
1.665610e+00	-7.160000e-02
1.690470e+00	-4.810000e-02
1.715330e+00	1.180000e-02
1.740190e+00	-4.510000e-02
1.765050e+00	4.900000e-03
1.789910e+00	-3.630000e-02
1.814769e+00	1.770000e-02
1.839629e+00	3.330000e-02
1.864489e+00	8.430000e-02
1.889349e+00	-7.850000e-02
1.914209e+00	7.060000e-02
1.939069e+00	-1.559000e-01
1.963928e+00	3.240000e-02
1.988788e+00	-1.030000e-01
2.013648e+00	3.630000e-02
2.038508e+00	-1.270000e-02
2.063368e+00	1.470000e-02
2.088228e+00	-7.750000e-02
2.113088e+00	-6.180000e-02
2.137947e+00	-9.220000e-02
2.162807e+00	-5.980000e-02
2.187667e+00	-6.670000e-02
2.212527e+00	-1.422000e-01
2.237387e+00	5.390000e-02
2.262247e+00	4.220000e-02
2.287107e+00	9.900000e-02
2.311966e+00	4.610000e-02
2.336826e+00	-7.450000e-02
2.361686e+00	-3.730000e-02
2.386546e+00	-2.050000e-01
2.411406e+00	-1.814000e-01
2.436266e+00	-1.873000e-01
2.461126e+00	-3.630000e-02
2.485985e+00	-5.300000e-02
2.510845e+00	1.245000e-01
2.535705e+00	9.220000e-02
2.560565e+00	3.530000e-02
2.585425e+00	6.960000e-02
2.610285e+00	-1.510000e-01
2.635145e+00	-7.260000e-02
2.660004e+00	-1.245000e-01
2.684864e+00	-6.900000e-03
2.709724e+00	-9.410000e-02
2.734584e+00	-1.128000e-01
2.759444e+00	-2.060000e-02
2.784304e+00	2.900000e-03
2.809164e+00	6.860000e-02
2.834023e+00	-5.690000e-02
2.858883e+00	-2.900000e-03
2.883743e+00	7.800000e-03
2.908603e+00	-7.350000e-02
2.933463e+00	5.690000e-02
2.958323e+00	-1.030000e-01
2.983183e+00	-9.610000e-02
3.008042e+00	-1.451000e-01
3.032902e+00	-1.363000e-01
3.057762e+00	3.630000e-02
3.082622e+00	1.860000e-02
3.107482e+00	7.160000e-02
3.132342e+00	-1.670000e-02
3.157202e+00	1.770000e-02
3.182061e+00	3.900000e-03
3.206921e+00	8.530000e-02
3.231781e+00	-2.060000e-02
3.256641e+00	-7.800000e-03
3.281501e+00	-9.320000e-02
3.306361e+00	-1.960000e-02
3.331220e+00	-1.069000e-01
3.356080e+00	-4.610000e-02
3.380940e+00	-7.450000e-02
3.405800e+00	1.079000e-01
3.430660e+00	-4.410000e-02
3.455520e+00	1.383000e-01
3.480380e+00	8.800000e-03
3.505239e+00	-4.900000e-03
3.530099e+00	-1.270000e-02
3.554959e+00	-1.000000e-01
3.579819e+00	-2.089000e-01
3.604679e+00	-7.550000e-02
3.629539e+00	6.770000e-02
3.654399e+00	-1.180000e-02
3.679258e+00	1.304000e-01
3.704118e+00	9.320000e-02
3.728978e+00	4.410000e-02
3.753838e+00	7.260000e-02
3.778698e+00	-6.670000e-02
3.803558e+00	6.860000e-02
3.828418e+00	-9.120000e-02
3.853277e+00	3.920000e-02
3.878137e+00	8.530000e-02
3.902997e+00	9.020000e-02
3.927857e+00	-3.920000e-02
3.952717e+00	2.260000e-02
3.977577e+00	2.900000e-03
4.002437e+00	6.080000e-02
4.027296e+00	-5.300000e-02
4.052156e+00	-3.530000e-02
4.077016e+00	-1.196000e-01
4.101876e+00	-9.800000e-03
4.126736e+00	1.040000e-01
4.151596e+00	-7.550000e-02
4.176456e+00	-2.840000e-02
4.201315e+00	-7.350000e-02
4.226175e+00	4.410000e-02
4.251035e+00	7.260000e-02
4.275895e+00	-1.080000e-02
4.300755e+00	1.108000e-01
4.325615e+00	-1.000000e-03
4.350475e+00	3.240000e-02
4.375334e+00	-5.200000e-02
4.400194e+00	7.800000e-03
4.425054e+00	-2.900000e-03
4.449914e+00	5.200000e-02
4.474774e+00	7.800000e-03
4.499634e+00	6.770000e-02
4.524493e+00	4.710000e-02
4.549353e+00	1.157000e-01
4.574213e+00	-9.120000e-02
4.599073e+00	-3.820000e-02
4.623933e+00	-6.960000e-02
4.648793e+00	5.000000e-02
4.673653e+00	-3.240000e-02
4.698512e+00	3.530000e-02
4.723372e+00	-2.940000e-02
4.748232e+00	5.390000e-02
4.773092e+00	-1.180000e-02
4.797952e+00	3.530000e-02
4.822812e+00	1.000000e-03
4.847672e+00	1.118000e-01
4.872531e+00	-1.697000e-01
4.897391e+00	-5.880000e-02
4.922251e+00	-8.340000e-02
4.947111e+00	1.177000e-01
4.971971e+00	2.840000e-02
4.996831e+00	7.850000e-02
5.021691e+00	-6.960000e-02
5.046550e+00	1.670000e-02
5.071410e+00	-3.530000e-02
5.096270e+00	2.079000e-01
5.121130e+00	-1.020000e-01
5.145990e+00	-4.220000e-02
5.170850e+00	-1.010000e-01
5.195710e+00	-2.450000e-02
5.220569e+00	-1.187000e-01
5.245429e+00	-7.940000e-02
5.270289e+00	-2.246000e-01
5.295149e+00	-5.980000e-02
5.320009e+00	-3.148000e-01
5.344869e+00	-4.410000e-02
5.369729e+00	1.726000e-01
5.394588e+00	7.450000e-02
5.419448e+00	2.275000e-01
5.444308e+00	2.108000e-01
5.469168e+00	3.413000e-01
5.494028e+00	4.510000e-02
5.518888e+00	3.001000e-01
5.543748e+00	-1.540000e-01
5.568607e+00	-6.080000e-02
5.593467e+00	-1.187000e-01
5.618327e+00	5.200000e-02
5.643187e+00	-6.900000e-03
5.668047e+00	1.451000e-01
5.692907e+00	-1.960000e-02
5.717766e+00	-1.334000e-01
5.742626e+00	-2.079000e-01
5.767486e+00	-7.940000e-02
5.792346e+00	-6.280000e-02
5.817206e+00	-3.530000e-02
5.842066e+00	-2.540000e-01
5.866926e+00	-1.344000e-01
5.891785e+00	1.020000e-01
5.916645e+00	1.530000e-01
5.941505e+00	4.810000e-02
5.966365e+00	2.403000e-01
5.991225e+00	2.197000e-01
6.016085e+00	-1.128000e-01
6.040945e+00	-1.579000e-01
6.065804e+00	-3.736000e-01
6.090664e+00	-1.510000e-01
6.115524e+00	-2.775000e-01
6.140384e+00	1.393000e-01
6.165244e+00	-4.020000e-02
6.190104e+00	2.089000e-01
6.214964e+00	8.430000e-02
6.239823e+00	-1.000000e-01
6.264683e+00	1.942000e-01
6.289543e+00	4.148000e-01
6.314403e+00	2.344000e-01
6.339263e+00	1.089000e-01
6.364123e+00	5.880000e-02
6.388983e+00	-2.354000e-01
6.413842e+00	-6.227000e-01
6.438702e+00	-1.128000e-01
6.463562e+00	-1.491000e-01
6.488422e+00	2.324000e-01
6.513282e+00	2.295000e-01
6.538142e+00	3.805000e-01
6.563002e+00	3.334000e-01
6.587861e+00	6.659000e-01
6.612721e+00	-1.334000e-01
6.637581e+00	-6.061000e-01
6.662441e+00	-1.540000e-01
6.687301e+00	1.961000e-01
6.712161e+00	-1.157000e-01
6.737021e+00	3.820000e-02
6.761880e+00	-4.070000e-01
6.786740e+00	-6.619000e-01
6.811600e+00	-3.197000e-01
6.836460e+00	-8.530000e-02
6.861320e+00	-5.490000e-02
6.886180e+00	4.256000e-01
6.911040e+00	1.098000e-01
6.935899e+00	5.790000e-02
6.960759e+00	3.266000e-01
6.985619e+00	5.011000e-01
7.010479e+00	1.706000e-01
7.035339e+00	-1.089000e-01
7.060199e+00	-2.922000e-01
7.085058e+00	-4.805000e-01
7.109918e+00	-1.491000e-01
7.134778e+00	8.040000e-02
7.159638e+00	6.670000e-02
7.184498e+00	1.108000e-01
7.209358e+00	-3.119000e-01
7.234218e+00	-4.246000e-01
7.259077e+00	-4.021000e-01
7.283937e+00	-4.335000e-01
7.308797e+00	-5.590000e-02
7.333657e+00	3.373000e-01
7.358517e+00	6.280000e-02
7.383377e+00	-3.730000e-02
7.408237e+00	8.140000e-02
7.433096e+00	6.770000e-02
7.457956e+00	3.020000e-01
7.482816e+00	-1.559000e-01
7.507676e+00	-4.580000e-01
7.532536e+00	-2.648000e-01
7.557396e+00	1.363000e-01
7.582256e+00	2.795000e-01
7.607115e+00	3.677000e-01
7.631975e+00	1.618000e-01
7.656835e+00	-3.530000e-02
7.681695e+00	-3.403000e-01
7.706555e+00	-2.765000e-01
7.731415e+00	-3.040000e-01
7.756275e+00	4.393000e-01
7.781134e+00	2.844000e-01
7.805994e+00	7.306000e-01
7.830854e+00	7.963000e-01
7.855714e+00	2.138000e-01
7.880574e+00	8.630000e-02
7.905434e+00	-2.246000e-01
7.930294e+00	8.630000e-02
7.955153e+00	4.462000e-01
7.980013e+00	-1.402000e-01
8.004873e+00	-2.265000e-01
8.029733e+00	-7.012000e-01
8.054593e+00	-1.050300e+00
8.079453e+00	-4.511000e-01
8.104313e+00	1.726000e-01
8.129172e+00	5.286000e-01
8.154032e+00	6.472000e-01
8.178892e+00	8.002000e-01
8.203752e+00	4.590000e-01
8.228612e+00	5.207000e-01
8.253472e+00	2.059000e-01
8.278331e+00	3.207000e-01
8.303191e+00	4.560000e-01
8.328051e+00	-4.246000e-01
8.352911e+00	1.648000e-01
8.377771e+00	-5.609000e-01
8.402631e+00	-1.145400e+00
8.427491e+00	-8.267000e-01
8.452350e+00	-1.559000e-01
8.477210e+00	3.217000e-01
8.502070e+00	4.570000e-01
8.526930e+00	-2.750000e-02
8.551790e+00	-1.334000e-01
8.576650e+00	1.549000e-01
8.601510e+00	4.531000e-01
8.626369e+00	8.218000e-01
8.651229e+00	4.815000e-01
8.676089e+00	5.472000e-01
8.700949e+00	-1.314000e-01
8.725809e+00	-4.678000e-01
8.750669e+00	-6.678000e-01
8.775529e+00	-4.531000e-01
8.800388e+00	-6.110000e-01
8.825248e+00	-3.140000e-02
8.850108e+00	-3.638000e-01
8.874968e+00	2.854000e-01
8.899828e+00	1.608000e-01
8.924688e+00	4.884000e-01
8.949548e+00	1.078700e+00
8.974407e+00	1.606300e+00
8.999267e+00	1.736800e+00
9.024127e+00	1.265100e+00
9.048987e+00	7.571000e-01
9.073847e+00	6.002000e-01
9.098707e+00	-1.255000e-01
9.123567e+00	-6.551000e-01
9.148426e+00	-5.962000e-01
9.173286e+00	-1.082700e+00
9.198146e+00	-8.287000e-01
9.223006e+00	-1.037500e+00
9.247866e+00	-5.335000e-01
9.272726e+00	-1.000000e-01
9.297586e+00	4.040000e-01
9.322445e+00	2.344000e-01
9.347305e+00	5.364000e-01
9.372165e+00	6.884000e-01
9.397025e+00	7.188000e-01
9.421885e+00	6.355000e-01
9.446745e+00	9.110000e-01
9.471605e+00	5.286000e-01
9.496464e+00	8.326000e-01
9.521324e+00	4.668000e-01
9.546184e+00	9.410000e-02
9.571044e+00	2.922000e-01
9.595904e+00	4.629000e-01
9.620764e+00	1.206000e-01
9.645623e+00	-4.609000e-01
9.670483e+00	-8.895000e-01
9.695343e+00	-7.679000e-01
9.720203e+00	-4.276000e-01
9.745063e+00	-8.730000e-02
9.769923e+00	-6.257000e-01
9.794783e+00	-1.019900e+00
9.819642e+00	-1.185600e+00
9.844502e+00	-1.321900e+00
9.869362e+00	-1.258200e+00
9.894222e+00	-1.062100e+00
9.919082e+00	-6.718000e-01
9.943942e+00	-1.014000e+00
9.968802e+00	-5.972000e-01
9.993661e+00	2.501000e-01
1.001852e+01	8.296000e-01
1.004338e+01	8.414000e-01
1.006824e+01	1.109100e+00
1.009310e+01	1.248400e+00
1.011796e+01	7.375000e-01
1.014282e+01	3.677000e-01
1.016768e+01	9.052000e-01
1.019254e+01	3.430000e-02
1.021740e+01	3.599000e-01
1.024226e+01	5.090000e-01
1.026712e+01	-1.089000e-01
1.029198e+01	-2.138000e-01
1.031684e+01	-1.451000e-01
1.034170e+01	1.952000e-01
1.036656e+01	6.011000e-01
1.039142e+01	-3.295000e-01
1.041628e+01	-6.159000e-01
1.044114e+01	-8.041000e-01
1.046600e+01	-1.128000e-01
1.049086e+01	5.070000e-01
1.051572e+01	5.982000e-01
1.054058e+01	1.180000e-02
1.056544e+01	-5.668000e-01
1.059030e+01	-3.589000e-01
1.061516e+01	-4.472000e-01
1.064002e+01	-4.158000e-01
1.066488e+01	-4.599000e-01
1.068974e+01	6.649000e-01
1.071460e+01	7.953000e-01
1.073946e+01	5.668000e-01
1.076432e+01	-1.628000e-01
1.078918e+01	-4.992000e-01
1.081404e+01	-3.393000e-01
1.083890e+01	-3.619000e-01
1.086376e+01	1.442000e-01
1.088862e+01	6.370000e-02
1.091348e+01	9.012000e-01
1.093834e+01	7.061000e-01
1.096320e+01	6.021000e-01
1.098806e+01	9.220000e-02
1.101292e+01	-4.099000e-01
1.103778e+01	-1.952000e-01
1.106264e+01	2.373000e-01
1.108750e+01	2.246000e-01
1.111235e+01	4.590000e-01
1.113721e+01	-3.354000e-01
1.116207e+01	-5.041000e-01
1.118693e+01	-3.589000e-01
1.121179e+01	-6.178000e-01
1.123665e+01	-7.286000e-01
1.126151e+01	-3.050000e-01
1.128637e+01	-1.000000e-01
1.131123e+01	-4.531000e-01
1.133609e+01	-1.373000e-01
1.136095e+01	5.690000e-02
1.138581e+01	3.820000e-02
1.141067e+01	2.079000e-01
1.143553e+01	1.285000e-01
1.146039e+01	-3.730000e-02
1.148525e+01	-3.883000e-01
1.151011e+01	6.900000e-03
1.153497e+01	8.542000e-01
1.155983e+01	1.456300e+00
1.158469e+01	1.428800e+00
1.160955e+01	1.549500e+00
1.163441e+01	-3.295000e-01
1.165927e+01	-5.148000e-01
1.168413e+01	-5.864000e-01
1.170899e+01	-4.472000e-01
1.173385e+01	-1.706000e-01
1.175871e+01	5.390000e-02
1.178357e+01	-2.000000e-03
1.180843e+01	1.442000e-01
1.183329e+01	-6.884000e-01
1.185815e+01	-8.218000e-01
1.188301e+01	-6.345000e-01
1.190787e+01	7.160000e-02
1.193273e+01	6.816000e-01
1.195759e+01	3.736000e-01
1.198245e+01	4.286000e-01
1.200731e+01	3.423000e-01
1.203217e+01	3.364000e-01
1.205703e+01	2.373000e-01
1.208189e+01	1.952000e-01
1.210675e+01	4.786000e-01
1.213161e+01	8.394000e-01
1.215647e+01	9.522000e-01
1.218133e+01	6.659000e-01
1.220619e+01	-3.050000e-01
1.223105e+01	-5.462000e-01
1.225591e+01	-7.443000e-01
1.228077e+01	-5.158000e-01
1.230563e+01	-1.677000e-01
1.233049e+01	-1.470000e-02
1.235535e+01	-3.815000e-01
1.238021e+01	-3.677000e-01
1.240507e+01	-1.219000e+00
1.242993e+01	-7.414000e-01
1.245479e+01	2.344000e-01
1.247965e+01	7.433000e-01
1.250451e+01	8.179000e-01
1.252937e+01	6.855000e-01
1.255423e+01	2.403000e-01
1.257909e+01	-1.422000e-01
1.260395e+01	-4.310000e-02
1.262881e+01	-9.800000e-03
1.265367e+01	1.314000e-01
1.267853e+01	2.609000e-01
1.270339e+01	6.472000e-01
1.272825e+01	6.698000e-01
1.275311e+01	1.101300e+00
1.277797e+01	4.710000e-02
1.280282e+01	-2.354000e-01
1.282768e+01	-1.040000e-01
1.285254e+01	4.658000e-01
1.287740e+01	-3.383000e-01
1.290226e+01	-6.482000e-01
1.292712e+01	-9.091000e-01
1.295198e+01	-1.568100e+00
1.297684e+01	-1.294500e+00
1.300170e+01	-9.287000e-01
1.302656e+01	-6.453000e-01
1.305142e+01	-6.531000e-01
1.307628e+01	-2.324000e-01
1.310114e+01	2.001000e-01
1.312600e+01	4.952000e-01
1.315086e+01	6.678000e-01
1.317572e+01	7.149000e-01
1.320058e+01	3.903000e-01
1.322544e+01	5.129000e-01
1.325030e+01	3.717000e-01
1.327516e+01	7.786000e-01
1.330002e+01	-1.177000e-01
1.332488e+01	5.070000e-01
1.334974e+01	-2.079000e-01
1.337460e+01	-1.118000e+00
1.339946e+01	-3.550000e-01
1.342432e+01	-4.531000e-01
1.344918e+01	-2.373000e-01
1.347404e+01	-1.569000e-01
1.349890e+01	1.020000e-01
1.352376e+01	7.750000e-02
1.354862e+01	2.609000e-01
1.357348e+01	7.335000e-01
1.359834e+01	1.095400e+00
1.362320e+01	-1.030000e-01
1.364806e+01	-1.236000e-01
1.367292e+01	-2.000000e-03
1.369778e+01	2.815000e-01
1.372264e+01	8.659000e-01
1.374750e+01	9.973000e-01
1.377236e+01	1.064000e+00
1.379722e+01	9.316000e-01
1.382208e+01	5.776000e-01
1.384694e+01	-8.934000e-01
1.387180e+01	-1.009100e+00
1.389666e+01	-8.669000e-01
1.392152e+01	-4.609000e-01
1.394638e+01	5.345000e-01
1.397124e+01	1.362100e+00
1.399610e+01	2.157000e-01
1.402096e+01	-6.855000e-01
1.404582e+01	-1.030700e+00
1.407068e+01	-1.247400e+00
1.409554e+01	-1.366100e+00
1.412040e+01	-1.054200e+00
1.414526e+01	-6.923000e-01
1.417012e+01	-4.658000e-01
1.419498e+01	3.815000e-01
1.421984e+01	5.472000e-01
1.424470e+01	1.736000e-01
1.426956e+01	2.422000e-01
1.429442e+01	1.069000e-01
1.431928e+01	3.540000e-01
1.434414e+01	-5.021000e-01
1.436900e+01	1.961000e-01
1.439386e+01	4.393000e-01
1.441872e+01	1.174800e+00
1.444358e+01	2.775000e-01
1.446844e+01	1.383000e-01
1.449330e+01	-8.345000e-01
1.451815e+01	-1.059100e+00
1.454301e+01	-1.349400e+00
1.456787e+01	-6.649000e-01
1.459273e+01	4.962000e-01
1.461759e+01	1.032600e+00
1.464245e+01	2.412000e-01
1.466731e+01	-4.835000e-01
1.469217e+01	-1.117000e+00
1.471703e+01	-1.404300e+00
1.474189e+01	-7.659000e-01
1.476675e+01	-8.730000e-02
1.479161e+01	3.168000e-01
1.481647e+01	9.810000e-02
1.484133e+01	7.218000e-01
1.486619e+01	1.123800e+00
1.489105e+01	1.073800e+00
1.491591e+01	1.054200e+00
1.494077e+01	-1.628000e-01
1.496563e+01	-5.658000e-01
1.499049e+01	-6.070000e-01
1.501535e+01	-4.658000e-01
1.504021e+01	-3.089000e-01
1.506507e+01	-5.300000e-02
1.508993e+01	3.040000e-01
1.511479e+01	7.571000e-01
1.513965e+01	1.066000e+00
1.516451e+01	9.208000e-01
1.518937e+01	5.737000e-01
1.521423e+01	-2.089000e-01
1.523909e+01	-1.386700e+00
1.526395e+01	-9.532000e-01
1.528881e+01	-1.370000e-02
1.531367e+01	4.648000e-01
1.533853e+01	7.894000e-01
1.536339e+01	7.806000e-01
1.538825e+01	8.473000e-01
1.541311e+01	-2.864000e-01
1.543797e+01	1.559000e-01
1.546283e+01	-7.149000e-01
1.548769e+01	-6.502000e-01
1.551255e+01	-7.551000e-01
1.553741e+01	-2.775000e-01
1.556227e+01	4.286000e-01
1.558713e+01	7.277000e-01
1.561199e+01	6.011000e-01
1.563685e+01	-7.160000e-02
1.566171e+01	7.450000e-02
1.568657e+01	2.540000e-01
1.571143e+01	6.384000e-01
1.573629e+01	7.512000e-01
1.576115e+01	-8.110000e-01
1.578601e+01	-8.934000e-01
1.581087e+01	-7.208000e-01
1.583573e+01	-2.736000e-01
1.586059e+01	-6.670000e-02
1.588545e+01	-3.040000e-02
1.591031e+01	1.324000e-01
1.593517e+01	6.011000e-01
1.596003e+01	9.493000e-01
1.598489e+01	-5.590000e-01
1.600975e+01	-1.104200e+00
1.603461e+01	-1.259200e+00
1.605947e+01	-1.005200e+00
1.608433e+01	1.618000e-01
1.610919e+01	5.080000e-01
1.613405e+01	1.118000e+00
1.615891e+01	5.658000e-01
1.618377e+01	4.629000e-01
1.620863e+01	4.570000e-01
1.623348e+01	-2.834000e-01
1.625834e+01	-5.943000e-01
1.628320e+01	-2.883000e-01
1.630806e+01	5.139000e-01
1.633292e+01	7.335000e-01
1.635778e+01	-1.952000e-01
1.638264e+01	-5.060000e-01
1.640750e+01	-5.609000e-01
1.643236e+01	-4.168000e-01
1.645722e+01	-2.128000e-01
1.648208e+01	-1.118000e-01
1.650694e+01	-4.070000e-01
1.653180e+01	-6.306000e-01
1.655666e+01	-7.090000e-01
1.658152e+01	-6.953000e-01
1.660638e+01	-2.893000e-01
1.663124e+01	-1.824000e-01
1.665610e+01	-2.913000e-01
1.668096e+01	8.530000e-02
1.670582e+01	3.727000e-01
1.673068e+01	2.501000e-01
1.675554e+01	-1.569000e-01
1.678040e+01	8.140000e-02
1.680526e+01	3.913000e-01
1.683012e+01	1.687000e-01
1.685498e+01	4.560000e-01
1.687984e+01	3.246000e-01
1.690470e+01	4.884000e-01
1.692956e+01	1.608000e-01
1.695442e+01	4.354000e-01
1.697928e+01	-3.383000e-01
1.700414e+01	-6.776000e-01
1.702900e+01	-6.776000e-01
1.705386e+01	-2.403000e-01
1.707872e+01	3.383000e-01
1.710358e+01	-3.040000e-01
1.712844e+01	-3.736000e-01
1.715330e+01	-2.350000e-02
1.717816e+01	2.069000e-01
1.720302e+01	1.559000e-01
1.722788e+01	6.806000e-01
1.725274e+01	7.914000e-01
1.727760e+01	1.383000e-01
1.730246e+01	-4.089000e-01
1.732732e+01	-4.756000e-01
1.735218e+01	-4.962000e-01
1.737704e+01	-4.217000e-01
1.740190e+01	1.236000e-01
1.742676e+01	2.834000e-01
1.745162e+01	-1.353000e-01
1.747648e+01	-5.031000e-01
1.750134e+01	-7.894000e-01
1.752620e+01	-9.307000e-01
1.755106e+01	-9.679000e-01
1.757592e+01	-9.150000e-01
1.760078e+01	-6.472000e-01
1.762564e+01	-1.863000e-01
1.765050e+01	-2.246000e-01
1.767536e+01	6.276000e-01
1.770022e+01	8.571000e-01
1.772508e+01	1.088500e+00
1.774994e+01	1.209200e+00
1.777480e+01	6.737000e-01
1.779966e+01	3.452000e-01
1.782452e+01	5.207000e-01
1.784938e+01	3.521000e-01
1.787424e+01	5.845000e-01
1.789910e+01	6.874000e-01
1.792395e+01	4.805000e-01
1.794881e+01	3.020000e-01
1.797367e+01	1.814000e-01
1.799853e+01	1.373000e-01
1.802339e+01	-1.893000e-01
1.804825e+01	-8.355000e-01
1.807311e+01	-8.502000e-01
1.809797e+01	-9.307000e-01
1.812283e+01	-1.201300e+00
1.814769e+01	-1.303300e+00
1.817255e+01	-1.196400e+00
1.819741e+01	-8.140000e-02
1.822227e+01	8.140000e-02
1.824713e+01	3.079000e-01
1.827199e+01	1.530000e-01
1.829685e+01	-4.070000e-01
1.832171e+01	-1.334000e-01
1.834657e+01	1.353000e-01
1.837143e+01	-1.981000e-01
1.839629e+01	2.667000e-01
1.842115e+01	6.463000e-01
1.844601e+01	-5.900000e-03
1.847087e+01	-3.619000e-01
1.849573e+01	-4.610000e-02
1.852059e+01	1.128000e-01
1.854545e+01	1.981000e-01
1.857031e+01	4.120000e-02
1.859517e+01	-1.491000e-01
1.862003e+01	-2.060000e-02
1.864489e+01	1.706000e-01
1.866975e+01	2.844000e-01
1.869461e+01	2.873000e-01
1.871947e+01	2.383000e-01
1.874433e+01	3.932000e-01
1.876919e+01	2.050000e-01
1.879405e+01	-1.444500e+00
1.881891e+01	-8.830000e-02
1.884377e+01	7.443000e-01
1.886863e+01	6.394000e-01
1.889349e+01	5.570000e-01
1.891835e+01	1.167000e-01
1.894321e+01	2.940000e-02
1.896807e+01	3.648000e-01
1.899293e+01	8.659000e-01
1.901779e+01	1.266000e+00
1.904265e+01	3.089000e-01
1.906751e+01	-7.071000e-01
1.909237e+01	-1.466100e+00
1.911723e+01	-1.623000e+00
1.914209e+01	-1.090500e+00
1.916695e+01	-4.158000e-01
1.919181e+01	-7.355000e-01
1.921667e+01	1.236000e-01
1.924153e+01	9.865000e-01
1.926639e+01	8.630000e-01
1.929125e+01	9.797000e-01
1.931611e+01	2.932000e-01
1.934097e+01	-1.765000e-01
1.936583e+01	1.540000e-01
1.939069e+01	-2.599000e-01
1.941555e+01	5.247000e-01
1.944041e+01	3.140000e-02
1.946527e+01	-1.922000e-01
1.949013e+01	-2.775000e-01
1.951499e+01	-4.060000e-01
1.953985e+01	-6.796000e-01
1.956471e+01	-8.257000e-01
1.958957e+01	-8.296000e-01
1.961443e+01	-7.914000e-01
1.963928e+01	-4.766000e-01
1.966414e+01	-5.188000e-01
1.968900e+01	-2.922000e-01
1.971386e+01	-1.902000e-01
1.973872e+01	-8.787000e-01
1.976358e+01	-1.237600e+00
1.978844e+01	-1.406300e+00
1.981330e+01	-1.455300e+00
1.983816e+01	-1.302300e+00
1.986302e+01	-7.473000e-01
1.988788e+01	-6.315000e-01
1.991274e+01	-1.275000e-01
1.993760e+01	2.736000e-01
1.996246e+01	1.775000e-01
1.998732e+01	1.520000e-01
2.001218e+01	-7.806000e-01
2.003704e+01	4.246000e-01
2.006190e+01	1.709300e+00
2.008676e+01	1.949600e+00
2.011162e+01	2.067200e+00
2.013648e+01	1.989800e+00
2.016134e+01	1.890700e+00
2.018620e+01	1.549500e+00
2.021106e+01	1.088500e+00
2.023592e+01	8.571000e-01
2.026078e+01	9.081000e-01
2.028564e+01	7.071000e-01
2.031050e+01	5.276000e-01
2.033536e+01	2.260000e-02
2.036022e+01	-4.550000e-01
2.038508e+01	-6.590000e-01
2.040994e+01	-7.659000e-01
2.043480e+01	-1.419000e+00
2.045966e+01	-1.746600e+00
2.048452e+01	-1.961300e+00
2.050938e+01	-2.064300e+00
2.053424e+01	-1.795600e+00
2.055910e+01	-1.206200e+00
2.058396e+01	-8.728000e-01
2.060882e+01	-7.571000e-01
2.063368e+01	-8.551000e-01
2.065854e+01	-4.982000e-01
2.068340e+01	-3.883000e-01
2.070826e+01	-6.570000e-01
2.073312e+01	-8.865000e-01
2.075798e+01	-1.026800e+00
2.078284e+01	-9.767000e-01
2.080770e+01	-4.776000e-01
2.083256e+01	7.160000e-02
2.085742e+01	3.148000e-01
2.088228e+01	1.589000e-01
2.090714e+01	1.285000e-01
2.093200e+01	3.511000e-01
2.095686e+01	5.413000e-01
2.098172e+01	6.394000e-01
2.100658e+01	1.314000e-01
2.103144e+01	-3.207000e-01
2.105630e+01	-4.982000e-01
2.108116e+01	-1.844000e-01
2.110602e+01	3.687000e-01
2.113088e+01	7.688000e-01
2.115574e+01	1.046400e+00
2.118060e+01	1.263100e+00
2.120546e+01	1.302300e+00
2.123032e+01	6.649000e-01
2.125518e+01	8.920000e-02
2.128004e+01	-3.727000e-01
2.130490e+01	-4.560000e-01
2.132976e+01	-3.707000e-01
2.135461e+01	-4.599000e-01
2.137947e+01	-3.079000e-01
2.140433e+01	2.393000e-01
2.142919e+01	8.012000e-01
2.145405e+01	1.223900e+00
2.147891e+01	1.148400e+00
2.150377e+01	1.250300e+00
2.152863e+01	5.600000e-01
2.155349e+01	-8.914000e-01
2.157835e+01	-1.317000e+00
2.160321e+01	-1.494500e+00
2.162807e+01	-1.616100e+00
2.165293e+01	-1.676900e+00
2.167779e+01	-1.487700e+00
2.170265e+01	-5.413000e-01
2.172751e+01	-1.128000e-01
2.175237e+01	7.160000e-02
2.177723e+01	2.000000e-03
2.180209e+01	3.481000e-01
2.182695e+01	7.630000e-01
2.185181e+01	8.904000e-01
2.187667e+01	6.973000e-01
2.190153e+01	4.610000e-02
2.192639e+01	-3.001000e-01
2.195125e+01	-3.727000e-01
2.197611e+01	-4.629000e-01
2.200097e+01	-3.236000e-01
2.202583e+01	-2.079000e-01
2.205069e+01	-1.608000e-01
2.207555e+01	-5.462000e-01
2.210041e+01	-8.002000e-01
2.212527e+01	-8.934000e-01
2.215013e+01	-6.796000e-01
2.217499e+01	-5.590000e-02
2.219985e+01	4.491000e-01
2.222471e+01	5.953000e-01
2.224957e+01	7.443000e-01
2.227443e+01	6.580000e-01
2.229929e+01	-4.510000e-02
2.232415e+01	-7.855000e-01
2.234901e+01	-1.033600e+00
2.237387e+01	-1.127800e+00
2.239873e+01	-9.954000e-01
2.242359e+01	-1.039500e+00
2.244845e+01	-5.992000e-01
2.247331e+01	3.315000e-01
2.249817e+01	1.118000e+00
2.252303e+01	1.440600e+00
2.254789e+01	1.572000e+00
2.257275e+01	6.531000e-01
2.259761e+01	-6.531000e-01
2.262247e+01	-1.365100e+00
2.264733e+01	-1.622000e+00
2.267219e+01	-1.687700e+00
2.269705e+01	-1.283700e+00
2.272191e+01	-7.178000e-01
2.274677e+01	-2.883000e-01
2.277163e+01	-3.795000e-01
2.279649e+01	3.903000e-01
2.282135e+01	1.009100e+00
2.284621e+01	1.560200e+00
2.287107e+01	1.485700e+00
2.289593e+01	1.463200e+00
2.292079e+01	5.148000e-01
2.294565e+01	9.689000e-01
2.297051e+01	1.154200e+00
2.299537e+01	-4.766000e-01
2.302023e+01	-3.893000e-01
2.304508e+01	-2.079000e-01
2.306994e+01	3.776000e-01
2.309480e+01	9.954000e-01
2.311966e+01	-6.280000e-02
2.314452e+01	1.236000e-01
2.316938e+01	3.730000e-02
2.319424e+01	2.452000e-01
2.321910e+01	-6.669000e-01
2.324396e+01	-8.159000e-01
2.326882e+01	-1.625900e+00
2.329368e+01	-1.788700e+00
2.331854e+01	-1.964300e+00
2.334340e+01	-1.593600e+00
2.336826e+01	-1.169900e+00
2.339312e+01	-1.013000e+00
2.341798e+01	-1.007100e+00
2.344284e+01	-9.483000e-01
2.346770e+01	-9.220000e-02
2.349256e+01	4.629000e-01
2.351742e+01	-8.757000e-01
2.354228e+01	-6.315000e-01
2.356714e+01	-3.530000e-01
2.359200e+01	5.001000e-01
2.361686e+01	9.983000e-01
2.364172e+01	1.159100e+00
2.366658e+01	6.443000e-01
2.369144e+01	9.220000e-02
2.371630e+01	-8.730000e-02
2.374116e+01	1.677000e-01
2.376602e+01	5.031000e-01
2.379088e+01	6.855000e-01
2.381574e+01	6.786000e-01
2.384060e+01	5.384000e-01
2.386546e+01	9.179000e-01
2.389032e+01	1.078700e+00
2.391518e+01	6.011000e-01
2.394004e+01	3.668000e-01
2.396490e+01	2.226000e-01
2.398976e+01	1.324000e-01
2.401462e+01	-2.648000e-01
2.403948e+01	-4.384000e-01
2.406434e+01	-8.169000e-01
2.408920e+01	-1.461000e-01
2.411406e+01	7.260000e-02
2.413892e+01	-6.110000e-01
2.416378e+01	-1.156200e+00
2.418864e+01	-1.720100e+00
2.421350e+01	-2.004500e+00
2.423836e+01	-2.236900e+00
2.426322e+01	-1.351400e+00
2.428808e+01	-8.110000e-01
2.431294e+01	3.364000e-01
2.433780e+01	6.325000e-01
2.436266e+01	7.816000e-01
2.438752e+01	-1.481000e-01
2.441238e+01	-4.776000e-01
2.443724e+01	3.820000e-02
2.446210e+01	1.500000e-01
2.448696e+01	8.473000e-01
2.451182e+01	1.359200e+00
2.453668e+01	1.575900e+00
2.456154e+01	1.670100e+00
2.458640e+01	4.070000e-01
2.461126e+01	-3.560000e-01
2.463612e+01	-7.159000e-01
2.466098e+01	-3.730000e-02
2.468584e+01	5.864000e-01
2.471070e+01	4.639000e-01
2.473556e+01	6.100000e-01
2.476041e+01	5.894000e-01
2.478527e+01	1.103200e+00
2.481013e+01	-2.354000e-01
2.483499e+01	-5.737000e-01
2.485985e+01	-8.963000e-01
2.488471e+01	-1.018900e+00
2.490957e+01	-1.100300e+00
2.493443e+01	-7.100000e-01
2.495929e+01	-1.153300e+00
2.498415e+01	-8.375000e-01
2.500901e+01	5.011000e-01
2.503387e+01	1.138600e+00
2.505873e+01	4.472000e-01
2.508359e+01	-6.649000e-01
2.510845e+01	-1.666100e+00
2.513331e+01	-1.878000e+00
2.515817e+01	-1.273900e+00
2.518303e+01	-4.246000e-01
2.520789e+01	5.900000e-03
2.523275e+01	-7.060000e-02
2.525761e+01	1.324000e-01
2.528247e+01	-2.160000e-02
2.530733e+01	5.403000e-01
2.533219e+01	8.365000e-01
2.535705e+01	1.677000e-01
2.538191e+01	-1.648000e-01
2.540677e+01	-2.452000e-01
2.543163e+01	1.961000e-01
2.545649e+01	6.973000e-01
2.548135e+01	-2.040000e-01
2.550621e+01	-8.179000e-01
2.553107e+01	-9.140000e-01
2.555593e+01	-9.611000e-01
2.558079e+01	-1.238600e+00
2.560565e+01	-1.425900e+00
2.563051e+01	-1.364100e+00
2.565537e+01	-7.012000e-01
2.568023e+01	-8.140000e-02
2.570509e+01	2.840000e-02
2.572995e+01	-2.157000e-01
2.575481e+01	1.491000e-01
2.577967e+01	4.060000e-01
2.580453e+01	5.482000e-01
2.582939e+01	2.844000e-01
2.585425e+01	6.365000e-01
2.587911e+01	8.473000e-01
2.590397e+01	1.159100e+00
2.592883e+01	4.158000e-01
2.595369e+01	1.451000e-01
2.597855e+01	7.404000e-01
2.600341e+01	6.198000e-01
2.602827e+01	6.933000e-01
2.605313e+01	2.314000e-01
2.607799e+01	-2.962000e-01
2.610285e+01	-1.245000e-01
2.612771e+01	5.207000e-01
2.615257e+01	6.973000e-01
2.617743e+01	-1.500000e-01
2.620229e+01	3.226000e-01
2.622715e+01	6.384000e-01
2.625201e+01	5.090000e-01
2.627687e+01	5.747000e-01
2.630173e+01	-6.280000e-02
2.632659e+01	-3.119000e-01
2.635145e+01	-5.286000e-01
2.637631e+01	-7.600000e-01
2.640117e+01	-7.728000e-01
2.642603e+01	-1.535700e+00
2.645089e+01	-1.935800e+00
2.647574e+01	-1.471000e+00
2.650060e+01	-8.316000e-01
2.652546e+01	-8.316000e-01
2.655032e+01	-3.040000e-02
2.657518e+01	1.216000e-01
2.660004e+01	3.530000e-02
2.662490e+01	1.451000e-01
2.664976e+01	-4.178000e-01
2.667462e+01	-2.550000e-01
2.669948e+01	-3.472000e-01
2.672434e+01	1.383000e-01
2.674920e+01	3.364000e-01
2.677406e+01	1.353300e+00
2.679892e+01	4.746000e-01
2.682378e+01	7.433000e-01
2.684864e+01	-3.240000e-02
2.687350e+01	1.091500e+00
2.689836e+01	1.230700e+00
2.692322e+01	5.972000e-01
2.694808e+01	3.560000e-01
2.697294e+01	-4.374000e-01
2.699780e+01	-1.128700e+00
2.702266e+01	-8.826000e-01
2.704752e+01	2.079000e-01
2.707238e+01	8.532000e-01
2.709724e+01	1.011100e+00
2.712210e+01	5.880000e-02
2.714696e+01	-4.119000e-01
2.717182e+01	-5.364000e-01
2.719668e+01	-9.483000e-01
2.722154e+01	-1.165000e+00
2.724640e+01	-9.257000e-01
2.727126e+01	-6.394000e-01
2.729612e+01	-4.462000e-01
2.732098e+01	-8.865000e-01
2.734584e+01	-1.110100e+00
2.737070e+01	-5.041000e-01
2.739556e+01	6.770000e-02
2.742042e+01	-1.579000e-01
2.744528e+01	7.800000e-03
2.747014e+01	-3.020000e-01
2.749500e+01	-1.657000e-01
2.751986e+01	1.451000e-01
2.754472e+01	1.057200e+00
2.756958e+01	1.552400e+00
2.759444e+01	7.257000e-01
2.761930e+01	1.814000e-01
2.764416e+01	-6.860000e-02
2.766902e+01	-2.020000e-01
2.769388e+01	-8.610000e-01
2.771874e+01	-1.050300e+00
2.774360e+01	-4.972000e-01
2.776846e+01	-1.236000e-01
2.779332e+01	-2.618000e-01
2.781818e+01	-2.256000e-01
2.784304e+01	-6.453000e-01
2.786790e+01	-1.236000e-01
2.789276e+01	3.736000e-01
2.791762e+01	-9.800000e-03
2.794248e+01	2.883000e-01
2.796734e+01	4.550000e-01
2.799220e+01	4.913000e-01
2.801706e+01	6.580000e-01
2.804192e+01	9.532000e-01
2.806678e+01	1.247400e+00
2.809164e+01	1.971000e-01
2.811650e+01	-1.942000e-01
2.814136e+01	-4.737000e-01
2.816621e+01	-3.530000e-01
2.819107e+01	2.750000e-02
2.821593e+01	1.667000e-01
2.824079e+01	2.658000e-01
2.826565e+01	-4.276000e-01
2.829051e+01	-1.028700e+00
2.831537e+01	-1.406300e+00
2.834023e+01	-8.345000e-01
2.836509e+01	-4.080000e-01
2.838995e+01	-5.541000e-01
2.841481e+01	-3.432000e-01
2.843967e+01	-6.365000e-01
2.846453e+01	-9.434000e-01
2.848939e+01	-6.923000e-01
2.851425e+01	-4.315000e-01
2.853911e+01	3.030000e-01
2.856397e+01	7.698000e-01
2.858883e+01	9.728000e-01
2.861369e+01	2.187000e-01
2.863855e+01	-1.853000e-01
2.866341e+01	-5.099000e-01
2.868827e+01	6.860000e-02
2.871313e+01	8.345000e-01
2.873799e+01	1.571000e+00
2.876285e+01	9.650000e-01
2.878771e+01	3.981000e-01
2.881257e+01	1.765000e-01
2.883743e+01	3.246000e-01
2.886229e+01	-2.079000e-01
2.888715e+01	-5.649000e-01
2.891201e+01	7.800000e-03
2.893687e+01	-5.678000e-01
2.896173e+01	-1.016900e+00
2.898659e+01	-1.200300e+00
2.901145e+01	-1.043400e+00
2.903631e+01	-4.148000e-01
2.906117e+01	1.324000e-01
2.908603e+01	4.119000e-01
2.911089e+01	7.492000e-01
2.913575e+01	1.069000e-01
2.916061e+01	-3.540000e-01
2.918547e+01	-1.598000e-01
2.921033e+01	6.678000e-01
2.923519e+01	1.379800e+00
2.926005e+01	1.715200e+00
2.928491e+01	3.491000e-01
2.930977e+01	-1.922000e-01
2.933463e+01	-5.619000e-01
2.935949e+01	-3.383000e-01
2.938435e+01	2.030000e-01
2.940921e+01	6.718000e-01
2.943407e+01	3.315000e-01
2.945893e+01	1.860000e-02
2.948379e+01	4.158000e-01
2.950865e+01	2.160000e-02
2.953351e+01	5.001000e-01
2.955837e+01	5.880000e-02
2.958323e+01	1.245000e-01
2.960809e+01	-3.442000e-01
2.963295e+01	6.855000e-01
2.965781e+01	1.306200e+00
2.968267e+01	1.500000e-01
2.970753e+01	3.089000e-01
2.973239e+01	-2.900000e-03
2.975725e+01	4.410000e-02
2.978211e+01	-2.393000e-01
2.980697e+01	3.903000e-01
2.983183e+01	5.943000e-01
2.985669e+01	4.510000e-02
2.988154e+01	-6.708000e-01
2.990640e+01	-8.885000e-01
2.993126e+01	-1.635700e+00
2.995612e+01	-1.032600e+00
2.998098e+01	-1.681800e+00
3.000584e+01	-1.529800e+00
3.003070e+01	-1.725000e+00
3.005556e+01	-5.090000e-01
3.008042e+01	-2.579000e-01
3.010528e+01	6.757000e-01
3.013014e+01	-7.306000e-01
3.015500e+01	2.795000e-01
3.017986e+01	2.020000e-01
3.020472e+01	6.923000e-01
3.022958e+01	5.472000e-01
3.025444e+01	1.031700e+00
3.027930e+01	1.305300e+00
3.030416e+01	1.029700e+00
3.032902e+01	1.087600e+00
3.035388e+01	-5.790000e-02
3.037874e+01	-3.226000e-01
3.040360e+01	-2.650000e-02
3.042846e+01	1.628000e-01
3.045332e+01	-8.040000e-02
3.047818e+01	-1.471000e-01
3.050304e+01	-9.660000e-01
3.052790e+01	-3.766000e-01
3.055276e+01	-7.590000e-01
3.057762e+01	-1.698500e+00
3.060248e+01	-7.836000e-01
3.062734e+01	-1.860000e-02
3.065220e+01	2.716000e-01
3.067706e+01	2.226000e-01
3.070192e+01	-4.158000e-01
3.072678e+01	-1.942000e-01
3.075164e+01	6.678000e-01
3.077650e+01	1.604400e+00
3.080136e+01	1.759300e+00
3.082622e+01	1.142500e+00
3.085108e+01	7.940000e-02
3.087594e+01	9.356000e-01
3.090080e+01	4.874000e-01
3.092566e+01	1.736000e-01
3.095052e+01	3.140000e-02
3.097538e+01	-1.450400e+00
3.100024e+01	-1.311100e+00
3.102510e+01	-9.895000e-01
3.104996e+01	-6.110000e-01
3.107482e+01	-1.182700e+00
3.109968e+01	-1.795000e-01
3.112454e+01	-7.600000e-01
3.114940e+01	-3.834000e-01
3.117426e+01	-2.667000e-01
3.119912e+01	-3.570000e-01
3.122398e+01	6.570000e-02
3.124884e+01	4.491000e-01
3.127370e+01	3.236000e-01
3.129856e+01	9.130000e-01
3.132342e+01	1.515100e+00
3.134828e+01	2.403000e-01
3.137314e+01	3.148000e-01
3.139800e+01	2.648000e-01
3.142286e+01	9.228000e-01
3.144772e+01	8.169000e-01
3.147258e+01	9.385000e-01
3.149744e+01	2.334000e-01
3.152230e+01	3.393000e-01
3.154716e+01	-8.551000e-01
3.157202e+01	-9.973000e-01
3.159687e+01	-1.129700e+00
3.162173e+01	-4.746000e-01
3.164659e+01	1.206000e-01
3.167145e+01	-8.944000e-01
3.169631e+01	-9.463000e-01
3.172117e+01	-3.158000e-01
3.174603e+01	8.800000e-03
3.177089e+01	1.000000e-03
3.179575e+01	6.492000e-01
3.182061e+01	-2.628000e-01
3.184547e+01	1.000000e-03
3.187033e+01	-2.050000e-01
3.189519e+01	-8.140000e-02
3.192005e+01	-3.040000e-01
3.194491e+01	-4.410000e-02
3.196977e+01	9.410000e-02
3.199463e+01	-1.412000e-01
3.201949e+01	2.010000e-01
3.204435e+01	3.727000e-01
3.206921e+01	1.952000e-01
3.209407e+01	4.697000e-01
3.211893e+01	2.942000e-01
3.214379e+01	7.100000e-01
3.216865e+01	2.350000e-02
3.219351e+01	3.217000e-01
3.221837e+01	-3.981000e-01
3.224323e+01	-8.179000e-01
3.226809e+01	-1.015000e+00
3.229295e+01	-7.012000e-01
3.231781e+01	-1.241500e+00
3.234267e+01	-1.418000e+00
3.236753e+01	-1.601400e+00
3.239239e+01	-7.316000e-01
3.241725e+01	-5.511000e-01
3.244211e+01	7.940000e-02
3.246697e+01	-1.697000e-01
3.249183e+01	4.374000e-01
3.251669e+01	9.140000e-01
3.254155e+01	8.140000e-01
3.256641e+01	1.229800e+00
3.259127e+01	1.473900e+00
3.261613e+01	1.612200e+00
3.264099e+01	8.051000e-01
3.266585e+01	8.800000e-03
3.269071e+01	-5.806000e-01
3.271557e+01	9.120000e-02
3.274043e+01	5.707000e-01
3.276529e+01	-4.256000e-01
3.279015e+01	-7.286000e-01
3.281501e+01	-1.268000e+00
3.283987e+01	-9.395000e-01
3.286473e+01	-6.423000e-01
3.288959e+01	-8.532000e-01
3.291445e+01	-5.953000e-01
3.293931e+01	-4.795000e-01
3.296417e+01	-1.032600e+00
3.298903e+01	-1.104200e+00
3.301389e+01	-9.571000e-01
3.303875e+01	-1.167000e-01
3.306361e+01	-2.050000e-01
3.308847e+01	9.248000e-01
3.311333e+01	1.650500e+00
3.313819e+01	1.844600e+00
3.316305e+01	7.551000e-01
3.318791e+01	1.657000e-01
3.321277e+01	5.923000e-01
3.323763e+01	9.091000e-01
3.326249e+01	3.619000e-01
3.328734e+01	4.501000e-01
3.331220e+01	-3.187000e-01
3.333706e+01	-2.824000e-01
3.336192e+01	-5.247000e-01
3.338678e+01	-4.590000e-01
3.341164e+01	-1.173900e+00
3.343650e+01	-3.805000e-01
3.346136e+01	-5.403000e-01
3.348622e+01	-4.070000e-01
3.351108e+01	-3.530000e-02
3.353594e+01	1.814000e-01
3.356080e+01	5.168000e-01
3.358566e+01	2.716000e-01
3.361052e+01	8.140000e-02
3.363538e+01	-5.590000e-02
3.366024e+01	2.883000e-01
3.368510e+01	6.315000e-01
3.370996e+01	4.129000e-01
3.373482e+01	4.707000e-01
3.375968e+01	7.060000e-02
3.378454e+01	-4.609000e-01
3.380940e+01	-2.883000e-01
3.383426e+01	-5.590000e-01
3.385912e+01	-2.648000e-01
3.388398e+01	2.050000e-01
3.390884e+01	-2.981000e-01
3.393370e+01	2.940000e-02
3.395856e+01	9.710000e-02
3.398342e+01	6.061000e-01
3.400828e+01	-7.550000e-02
3.403314e+01	-5.109000e-01
3.405800e+01	-6.443000e-01
3.408286e+01	-1.206000e-01
3.410772e+01	1.481000e-01
3.413258e+01	-3.158000e-01
3.415744e+01	-5.247000e-01
3.418230e+01	-7.090000e-01
3.420716e+01	-2.991000e-01
3.423202e+01	-5.690000e-02
3.425688e+01	9.900000e-02
3.428174e+01	-4.610000e-02
3.430660e+01	1.932000e-01
3.433146e+01	3.570000e-01
3.435632e+01	2.677000e-01
3.438118e+01	3.932000e-01
3.440604e+01	2.815000e-01
3.443090e+01	4.531000e-01
3.445576e+01	-1.598000e-01
3.448062e+01	1.383000e-01
3.450548e+01	3.383000e-01
3.453034e+01	9.020000e-02
3.455520e+01	3.491000e-01
3.458006e+01	1.304000e-01
3.460492e+01	2.354000e-01
3.462978e+01	3.140000e-02
3.465464e+01	-5.335000e-01
3.467950e+01	-1.834000e-01
3.470436e+01	1.883000e-01
3.472922e+01	7.850000e-02
3.475408e+01	-1.844000e-01
3.477894e+01	-3.589000e-01
3.480380e+01	-1.814000e-01
3.482866e+01	-3.560000e-01
3.485352e+01	1.770000e-02
3.487838e+01	1.726000e-01
3.490324e+01	2.746000e-01
3.492810e+01	-2.579000e-01
3.495296e+01	-6.816000e-01
3.497782e+01	-1.765000e-01
3.500267e+01	1.245000e-01
3.502753e+01	-1.049000e-01
3.505239e+01	6.708000e-01
3.507725e+01	5.443000e-01
3.510211e+01	5.815000e-01
3.512697e+01	-2.350000e-02
3.515183e+01	-2.314000e-01
3.517669e+01	-8.012000e-01
3.520155e+01	-3.727000e-01
3.522641e+01	-5.490000e-02
3.525127e+01	4.020000e-02
3.527613e+01	4.688000e-01
3.530099e+01	6.394000e-01
3.532585e+01	2.295000e-01
3.535071e+01	8.800000e-03
3.537557e+01	-4.900000e-03
3.540043e+01	3.432000e-01
3.542529e+01	6.041000e-01
3.545015e+01	7.590000e-01
3.547501e+01	4.168000e-01
3.549987e+01	-2.128000e-01
3.552473e+01	-4.952000e-01
3.554959e+01	-2.628000e-01
3.557445e+01	-6.943000e-01
3.559931e+01	-5.296000e-01
3.562417e+01	-7.247000e-01
3.564903e+01	-4.962000e-01
3.567389e+01	-2.687000e-01
3.569875e+01	5.452000e-01
3.572361e+01	4.168000e-01
3.574847e+01	6.531000e-01
3.577333e+01	7.973000e-01
3.579819e+01	3.403000e-01
3.582305e+01	1.010000e-01
3.584791e+01	-1.167000e-01
3.587277e+01	-4.050000e-01
3.589763e+01	-6.061000e-01
3.592249e+01	-8.061000e-01
3.594735e+01	-1.012000e+00
3.597221e+01	-1.079700e+00
3.599707e+01	-6.874000e-01
3.602193e+01	-4.933000e-01
3.604679e+01	-3.893000e-01
3.607165e+01	-2.491000e-01
3.609651e+01	2.432000e-01
3.612137e+01	1.055200e+00
3.614623e+01	9.081000e-01
3.617109e+01	1.016900e+00
3.619595e+01	9.611000e-01
3.622081e+01	8.473000e-01
3.624567e+01	6.404000e-01
3.627053e+01	2.579000e-01
3.629539e+01	-1.902000e-01
3.632025e+01	-3.432000e-01
3.634511e+01	-1.912000e-01
3.636997e+01	-4.710000e-02
3.639483e+01	1.860000e-02
3.641969e+01	-3.972000e-01
3.644455e+01	-6.453000e-01
3.646941e+01	-8.512000e-01
3.649427e+01	-7.865000e-01
3.651913e+01	-8.247000e-01
3.654399e+01	-2.108000e-01
3.656885e+01	1.206000e-01
3.659371e+01	4.491000e-01
3.661857e+01	2.354000e-01
3.664343e+01	6.011000e-01
3.666829e+01	-1.853000e-01
3.669315e+01	2.040000e-01
3.671800e+01	3.834000e-01
3.674286e+01	5.031000e-01
3.676772e+01	5.904000e-01
3.679258e+01	6.757000e-01
3.681744e+01	2.442000e-01
3.684230e+01	-3.962000e-01
3.686716e+01	4.710000e-02
3.689202e+01	-3.501000e-01
3.691688e+01	3.730000e-02
3.694174e+01	-3.217000e-01
3.696660e+01	3.900000e-03
3.699146e+01	-4.864000e-01
3.701632e+01	-1.373000e-01
3.704118e+01	-1.873000e-01
3.706604e+01	3.981000e-01
3.709090e+01	9.846000e-01
3.711576e+01	6.737000e-01
3.714062e+01	7.620000e-01
3.716548e+01	-2.393000e-01
3.719034e+01	4.900000e-03
3.721520e+01	1.697000e-01
3.724006e+01	4.510000e-02
3.726492e+01	2.716000e-01
3.728978e+01	-4.021000e-01
3.731464e+01	-6.845000e-01
3.733950e+01	-9.424000e-01
3.736436e+01	-1.040500e+00
3.738922e+01	-8.336000e-01
3.741408e+01	-4.403000e-01
3.743894e+01	-2.138000e-01
3.746380e+01	-3.756000e-01
3.748866e+01	1.147000e-01
3.751352e+01	8.002000e-01
3.753838e+01	9.473000e-01
3.756324e+01	1.064000e+00
3.758810e+01	1.096400e+00
3.761296e+01	-7.450000e-02
3.763782e+01	2.900000e-03
3.766268e+01	-1.020000e-01
3.768754e+01	3.452000e-01
3.771240e+01	-9.320000e-02
3.773726e+01	-7.512000e-01
3.776212e+01	-1.381800e+00
3.778698e+01	-8.698000e-01
3.781184e+01	-3.730000e-02
3.783670e+01	2.177000e-01
3.786156e+01	3.432000e-01
3.788642e+01	1.569000e-01
3.791128e+01	3.158000e-01
3.793614e+01	2.569000e-01
3.796100e+01	5.227000e-01
3.798586e+01	4.266000e-01
3.801072e+01	8.404000e-01
3.803558e+01	7.041000e-01
3.806044e+01	5.109000e-01
3.808530e+01	-5.619000e-01
3.811016e+01	-3.256000e-01
3.813502e+01	6.080000e-02
3.815988e+01	4.900000e-03
3.818474e+01	7.750000e-02
3.820960e+01	-8.120000e-01
3.823446e+01	-1.058100e+00
3.825932e+01	-3.913000e-01
3.828418e+01	-9.220000e-02
3.830904e+01	1.785000e-01
3.833390e+01	-3.923000e-01
3.835876e+01	-7.443000e-01
3.838362e+01	6.860000e-02
3.840847e+01	6.953000e-01
3.843333e+01	8.306000e-01
3.845819e+01	3.805000e-01
3.848305e+01	2.900000e-03
3.850791e+01	4.982000e-01
3.853277e+01	1.902000e-01
3.855763e+01	1.804000e-01
3.858249e+01	-8.444000e-01
3.860735e+01	-6.973000e-01
3.863221e+01	-9.218000e-01
3.865707e+01	-8.061000e-01
3.868193e+01	-8.895000e-01
3.870679e+01	9.410000e-02
3.873165e+01	2.383000e-01
3.875651e+01	2.471000e-01
3.878137e+01	6.659000e-01
3.880623e+01	1.067900e+00
3.883109e+01	1.325900e+00
3.885595e+01	1.479800e+00
3.888081e+01	8.934000e-01
3.890567e+01	2.589000e-01
3.893053e+01	-2.520000e-01
3.895539e+01	-3.883000e-01
3.898025e+01	1.470000e-02
3.900511e+01	6.521000e-01
3.902997e+01	-5.690000e-02
3.905483e+01	-4.501000e-01
3.907969e+01	-6.865000e-01
3.910455e+01	-1.834000e-01
3.912941e+01	4.410000e-02
3.915427e+01	1.471000e-01
3.917913e+01	-9.800000e-03
3.920399e+01	-5.511000e-01
3.922885e+01	-9.081000e-01
3.925371e+01	-3.825000e-01
3.927857e+01	1.226000e-01
3.930343e+01	4.325000e-01
3.932829e+01	6.900000e-03
3.935315e+01	-8.032000e-01
3.937801e+01	-1.321000e+00
3.940287e+01	-1.541600e+00
3.942773e+01	-1.189500e+00
3.945259e+01	-1.016900e+00
3.947745e+01	-6.865000e-01
3.950231e+01	-4.962000e-01
3.952717e+01	-3.560000e-01
3.955203e+01	3.677000e-01
3.957689e+01	1.022800e+00
3.960175e+01	1.270000e+00
3.962661e+01	1.289600e+00
3.965147e+01	1.156200e+00
3.967633e+01	7.953000e-01
3.970119e+01	5.649000e-01
3.972605e+01	8.218000e-01
3.975091e+01	7.904000e-01
3.977577e+01	1.125800e+00
3.980063e+01	4.511000e-01
3.982549e+01	-5.390000e-02
3.985035e+01	-3.373000e-01
3.987521e+01	-3.430000e-02
3.990007e+01	-3.952000e-01
3.992493e+01	-6.492000e-01
3.994979e+01	-7.139000e-01
3.997465e+01	-1.824000e-01
3.999951e+01	7.550000e-02
4.002437e+01	2.265000e-01
4.004923e+01	-8.830000e-02
4.007409e+01	-2.873000e-01
4.009895e+01	-3.736000e-01
4.012380e+01	-4.001000e-01
4.014866e+01	-3.354000e-01
4.017352e+01	-5.011000e-01
4.019838e+01	-5.933000e-01
4.022324e+01	-6.708000e-01
4.024810e+01	-5.913000e-01
4.027296e+01	-2.148000e-01
4.029782e+01	-1.080000e-02
4.032268e+01	1.442000e-01
4.034754e+01	-1.177000e-01
4.037240e+01	-2.511000e-01
4.039726e+01	-1.275000e-01
4.042212e+01	1.912000e-01
4.044698e+01	4.933000e-01
4.047184e+01	1.514100e+00
4.049670e+01	1.794600e+00
4.052156e+01	1.955400e+00
4.054642e+01	1.688700e+00
4.057128e+01	8.924000e-01
4.059614e+01	3.069000e-01
4.062100e+01	-2.118000e-01
4.064586e+01	-4.629000e-01
4.067072e+01	-6.188000e-01
4.069558e+01	-6.973000e-01
4.072044e+01	-3.560000e-01
4.074530e+01	-6.365000e-01
4.077016e+01	-9.846000e-01
4.079502e+01	-6.874000e-01
4.081988e+01	-4.913000e-01
4.084474e+01	-6.090000e-01
4.086960e+01	-6.639000e-01
4.089446e+01	-1.187000e-01
4.091932e+01	1.648000e-01
4.094418e+01	3.423000e-01
4.096904e+01	1.177000e-01
4.099390e+01	3.040000e-01
4.101876e+01	4.403000e-01
4.104362e+01	5.011000e-01
4.106848e+01	1.795000e-01
4.109334e+01	-1.770000e-02
4.111820e+01	-8.830000e-02
4.114306e+01	2.638000e-01
4.116792e+01	4.256000e-01
4.119278e+01	2.010000e-01
4.121764e+01	1.128000e-01
4.124250e+01	2.295000e-01
4.126736e+01	-1.834000e-01
4.129222e+01	-3.197000e-01
4.131708e+01	-3.472000e-01
4.134194e+01	1.373000e-01
4.136680e+01	4.521000e-01
4.139166e+01	6.365000e-01
4.141652e+01	5.717000e-01
4.144138e+01	1.785000e-01
4.146624e+01	-3.364000e-01
4.149110e+01	1.000000e-03
4.151596e+01	1.863000e-01
4.154082e+01	1.442000e-01
4.156568e+01	1.657000e-01
4.159054e+01	-2.403000e-01
4.161540e+01	-5.413000e-01
4.164026e+01	-1.755000e-01
4.166512e+01	2.160000e-02
4.168998e+01	2.432000e-01
4.171484e+01	4.629000e-01
4.173970e+01	1.383000e-01
4.176456e+01	4.021000e-01
4.178942e+01	3.275000e-01
4.181427e+01	5.551000e-01
4.183913e+01	-2.840000e-02
4.186399e+01	-8.061000e-01
4.188885e+01	-1.010100e+00
4.191371e+01	-1.166000e+00
4.193857e+01	-8.483000e-01
4.196343e+01	-5.296000e-01
4.198829e+01	-3.373000e-01
4.201315e+01	-3.069000e-01
4.203801e+01	-3.530000e-01
4.206287e+01	-3.275000e-01
4.208773e+01	-6.960000e-02
4.211259e+01	1.344000e-01
4.213745e+01	1.844000e-01
4.216231e+01	1.853000e-01
4.218717e+01	3.766000e-01
4.221203e+01	5.325000e-01
4.223689e+01	7.002000e-01
4.226175e+01	7.767000e-01
4.228661e+01	8.561000e-01
4.231147e+01	7.198000e-01
4.233633e+01	3.030000e-01
4.236119e+01	7.940000e-02
4.238605e+01	1.370000e-02
4.241091e+01	1.579000e-01
4.243577e+01	3.285000e-01
4.246063e+01	4.276000e-01
4.248549e+01	3.168000e-01
4.251035e+01	2.079000e-01
4.253521e+01	3.236000e-01
4.256007e+01	4.580000e-01
4.258493e+01	3.187000e-01
4.260979e+01	2.354000e-01
4.263465e+01	2.030000e-01
4.265951e+01	2.815000e-01
4.268437e+01	4.197000e-01
4.270923e+01	5.286000e-01
4.273409e+01	6.306000e-01
4.275895e+01	2.736000e-01
4.278381e+01	1.059000e-01
4.280867e+01	8.040000e-02
4.283353e+01	-1.353000e-01
4.285839e+01	-2.716000e-01
4.288325e+01	-1.353000e-01
4.290811e+01	-2.750000e-02
4.293297e+01	-1.089000e-01
4.295783e+01	-2.638000e-01
4.298269e+01	-3.148000e-01
4.300755e+01	-4.913000e-01
4.303241e+01	-6.168000e-01
4.305727e+01	-6.884000e-01
4.308213e+01	-6.266000e-01
4.310699e+01	-5.766000e-01
4.313185e+01	-5.256000e-01
4.315671e+01	-3.746000e-01
4.318157e+01	-1.294000e-01
4.320643e+01	1.860000e-02
4.323129e+01	4.020000e-02
4.325615e+01	8.920000e-02
4.328101e+01	1.971000e-01
4.330587e+01	1.451000e-01
4.333073e+01	1.226000e-01
4.335559e+01	2.579000e-01
4.338045e+01	4.109000e-01
4.340531e+01	5.913000e-01
4.343017e+01	7.051000e-01
4.345503e+01	6.482000e-01
4.347989e+01	6.482000e-01
4.350475e+01	3.324000e-01
4.352960e+01	1.157000e-01
4.355446e+01	-4.020000e-02
4.357932e+01	1.138000e-01
4.360418e+01	2.442000e-01
4.362904e+01	1.540000e-01
4.365390e+01	-3.240000e-02
4.367876e+01	-2.913000e-01
4.370362e+01	-4.491000e-01
4.372848e+01	-4.344000e-01
4.375334e+01	-5.727000e-01
4.377820e+01	-7.218000e-01
4.380306e+01	-4.619000e-01
4.382792e+01	-2.687000e-01
4.385278e+01	-7.060000e-02
4.387764e+01	-3.900000e-03
4.390250e+01	5.690000e-02
4.392736e+01	-7.350000e-02
4.395222e+01	-1.461000e-01
4.397708e+01	-2.285000e-01
4.400194e+01	-7.750000e-02
4.402680e+01	1.049000e-01
4.405166e+01	3.187000e-01
4.407652e+01	4.295000e-01
4.410138e+01	6.227000e-01
4.412624e+01	7.551000e-01
4.415110e+01	5.041000e-01
4.417596e+01	3.138000e-01
4.420082e+01	1.451000e-01
4.422568e+01	2.883000e-01
4.425054e+01	3.746000e-01
4.427540e+01	3.168000e-01
4.430026e+01	2.393000e-01
4.432512e+01	1.265000e-01
4.434998e+01	2.491000e-01
4.437484e+01	3.785000e-01
4.439970e+01	5.443000e-01
4.442456e+01	1.716000e-01
4.444942e+01	-8.040000e-02
4.447428e+01	-2.824000e-01
4.449914e+01	-4.501000e-01
4.452400e+01	-5.639000e-01
4.454886e+01	-3.952000e-01
4.457372e+01	-2.687000e-01
4.459858e+01	-5.639000e-01
4.462344e+01	-7.639000e-01
4.464830e+01	-6.590000e-01
4.467316e+01	-4.678000e-01
4.469802e+01	-2.422000e-01
4.472288e+01	9.510000e-02
4.474774e+01	3.285000e-01
4.477260e+01	4.658000e-01
4.479746e+01	4.825000e-01
4.482232e+01	4.580000e-01
4.484718e+01	2.942000e-01
4.487204e+01	1.500000e-01
4.489690e+01	3.932000e-01
4.492176e+01	5.943000e-01
4.494662e+01	6.943000e-01
4.497148e+01	7.767000e-01
4.499634e+01	5.256000e-01
4.502120e+01	2.775000e-01
4.504606e+01	9.410000e-02
4.507092e+01	-6.860000e-02
4.509578e+01	1.314000e-01
4.512064e+01	2.697000e-01
4.514550e+01	3.579000e-01
4.517036e+01	-1.049000e-01
4.519522e+01	-3.638000e-01
4.522008e+01	-5.943000e-01
4.524493e+01	-6.973000e-01
4.526979e+01	-5.060000e-01
4.529465e+01	-6.825000e-01
4.531951e+01	-6.168000e-01
4.534437e+01	-5.060000e-01
4.536923e+01	-2.020000e-01
4.539409e+01	-4.810000e-02
4.541895e+01	-1.804000e-01
4.544381e+01	-2.932000e-01
4.546867e+01	-3.334000e-01
4.549353e+01	-1.461000e-01
4.551839e+01	1.180000e-02
4.554325e+01	1.589000e-01
4.556811e+01	2.501000e-01
4.559297e+01	1.108000e-01
4.561783e+01	3.393000e-01
4.564269e+01	1.677000e-01
4.566755e+01	-1.952000e-01
4.569241e+01	-5.982000e-01
4.571727e+01	-7.433000e-01
4.574213e+01	-4.335000e-01
4.576699e+01	-1.942000e-01
4.579185e+01	1.285000e-01
4.581671e+01	2.883000e-01
4.584157e+01	8.240000e-02
4.586643e+01	-1.657000e-01
4.589129e+01	-2.677000e-01
4.591615e+01	-2.461000e-01
4.594101e+01	-1.746000e-01
4.596587e+01	2.840000e-02
4.599073e+01	8.430000e-02
4.601559e+01	3.226000e-01
4.604045e+01	4.276000e-01
4.606531e+01	5.109000e-01
4.609017e+01	2.569000e-01
4.611503e+01	5.100000e-02
4.613989e+01	-1.451000e-01
4.616475e+01	1.765000e-01
4.618961e+01	4.138000e-01
4.621447e+01	5.158000e-01
4.623933e+01	5.394000e-01
4.626419e+01	2.805000e-01
4.628905e+01	5.790000e-02
4.631391e+01	-1.216000e-01
4.633877e+01	-2.922000e-01
4.636363e+01	-1.510000e-01
4.638849e+01	1.180000e-02
4.641335e+01	-1.324000e-01
4.643821e+01	-1.981000e-01
4.646307e+01	-2.099000e-01
4.648793e+01	-1.000000e-01
4.651279e+01	3.240000e-02
4.653765e+01	1.657000e-01
4.656251e+01	2.432000e-01
4.658737e+01	2.854000e-01
4.661223e+01	4.900000e-02
4.663709e+01	-1.030000e-01
4.666195e+01	-2.991000e-01
4.668681e+01	-1.500000e-01
4.671167e+01	4.900000e-02
4.673653e+01	2.883000e-01
4.676139e+01	4.658000e-01
4.678625e+01	5.874000e-01
4.681111e+01	1.030000e-01
4.683597e+01	-1.540000e-01
4.686083e+01	-3.521000e-01
4.688569e+01	-4.844000e-01
4.691055e+01	-5.148000e-01
4.693540e+01	-3.579000e-01
4.696026e+01	-2.167000e-01
4.698512e+01	-3.240000e-02
4.700998e+01	-1.960000e-02
4.703484e+01	-1.020000e-01
4.705970e+01	-8.800000e-03
4.708456e+01	-1.853000e-01
4.710942e+01	9.610000e-02
4.713428e+01	3.491000e-01
4.715914e+01	5.423000e-01
4.718400e+01	2.550000e-01
4.720886e+01	9.410000e-02
4.723372e+01	9.410000e-02
4.725858e+01	-2.160000e-02
4.728344e+01	1.961000e-01
4.730830e+01	3.069000e-01
4.733316e+01	1.770000e-02
4.735802e+01	1.187000e-01
4.738288e+01	-1.559000e-01
4.740774e+01	1.118000e-01
4.743260e+01	-2.099000e-01
4.745746e+01	-1.860000e-02
4.748232e+01	1.922000e-01
4.750718e+01	-2.285000e-01
4.753204e+01	-6.315000e-01
4.755690e+01	-3.138000e-01
4.758176e+01	-3.746000e-01
4.760662e+01	-1.108000e-01
4.763148e+01	2.450000e-02
4.765634e+01	-1.942000e-01
4.768120e+01	-4.011000e-01
4.770606e+01	-1.000000e-01
4.773092e+01	1.393000e-01
4.775578e+01	3.069000e-01
4.778064e+01	4.894000e-01
4.780550e+01	2.108000e-01
4.783036e+01	3.452000e-01
4.785522e+01	5.080000e-01
4.788008e+01	6.374000e-01
4.790494e+01	4.805000e-01
4.792980e+01	4.550000e-01
4.795466e+01	4.688000e-01
4.797952e+01	1.961000e-01
4.800438e+01	5.619000e-01
4.802924e+01	1.226000e-01
4.805410e+01	-2.265000e-01
4.807896e+01	-7.316000e-01
4.810382e+01	-1.209200e+00
4.812868e+01	-9.297000e-01
4.815354e+01	-9.630000e-01
4.817840e+01	-6.992000e-01
4.820326e+01	-3.658000e-01
4.822812e+01	-1.089000e-01
4.825298e+01	1.824000e-01
4.827784e+01	3.619000e-01
4.830270e+01	3.040000e-01
4.832756e+01	5.305000e-01
4.835242e+01	6.767000e-01
4.837728e+01	7.345000e-01
4.840214e+01	1.015000e+00
4.842700e+01	7.914000e-01
4.845186e+01	1.000000e-03
4.847672e+01	-5.021000e-01
4.850158e+01	-8.551000e-01
4.852644e+01	-1.012000e+00
4.855130e+01	-6.973000e-01
4.857616e+01	-5.600000e-01
4.860102e+01	-7.149000e-01
4.862588e+01	-5.139000e-01
4.865073e+01	-4.639000e-01
4.867559e+01	-3.403000e-01
4.870045e+01	-5.001000e-01
4.872531e+01	-8.040000e-02
4.875017e+01	-3.373000e-01
4.877503e+01	6.080000e-02
4.879989e+01	1.089000e-01
4.882475e+01	1.765000e-01
4.884961e+01	-5.690000e-02
4.887447e+01	1.770000e-02
4.889933e+01	-5.690000e-02
4.892419e+01	7.550000e-02
4.894905e+01	3.952000e-01
4.897391e+01	5.757000e-01
4.899877e+01	6.531000e-01
4.902363e+01	8.238000e-01
4.904849e+01	5.178000e-01
4.907335e+01	5.786000e-01
4.909821e+01	2.138000e-01
4.912307e+01	-7.800000e-03
4.914793e+01	2.363000e-01
4.917279e+01	-1.000000e-03
4.919765e+01	4.610000e-02
4.922251e+01	-3.511000e-01
4.924737e+01	-7.188000e-01
4.927223e+01	-9.365000e-01
4.929709e+01	-1.011100e+00
4.932195e+01	-4.727000e-01
4.934681e+01	-2.344000e-01
4.937167e+01	5.880000e-02
4.939653e+01	2.864000e-01
4.942139e+01	5.570000e-01
4.944625e+01	1.922000e-01
4.947111e+01	2.373000e-01
4.949597e+01	-1.952000e-01
4.952083e+01	-5.139000e-01
4.954569e+01	-7.012000e-01
4.957055e+01	-6.433000e-01
4.959541e+01	-7.316000e-01
4.962027e+01	-2.815000e-01
4.964513e+01	-8.830000e-02
4.966999e+01	1.255000e-01
4.969485e+01	3.628000e-01
4.971971e+01	6.541000e-01
4.974457e+01	5.551000e-01
4.976943e+01	7.561000e-01
4.979429e+01	9.159000e-01
4.981915e+01	1.002200e+00
4.984401e+01	5.992000e-01
4.986887e+01	3.805000e-01
4.989373e+01	1.206000e-01
4.991859e+01	-6.370000e-02
4.994345e+01	-2.756000e-01
4.996831e+01	-4.746000e-01
4.999317e+01	-4.580000e-01
5.001803e+01	-8.110000e-01
5.004289e+01	-1.081700e+00
5.006775e+01	-7.836000e-01
5.009261e+01	-5.394000e-01
5.011747e+01	-4.089000e-01
5.014233e+01	-9.220000e-02
5.016719e+01	1.860000e-02
5.019205e+01	5.980000e-02
5.021691e+01	2.432000e-01
5.024177e+01	4.040000e-01
5.026663e+01	3.540000e-01
5.029149e+01	7.561000e-01
5.031635e+01	8.748000e-01
5.034121e+01	5.099000e-01
5.036606e+01	2.785000e-01
5.039092e+01	1.353000e-01
5.041578e+01	-4.491000e-01
5.044064e+01	1.304000e-01
5.046550e+01	2.687000e-01
5.049036e+01	-1.030000e-01
5.051522e+01	-1.628000e-01
5.054008e+01	1.226000e-01
5.056494e+01	-3.630000e-02
5.058980e+01	-4.810000e-02
5.061466e+01	-5.953000e-01
5.063952e+01	-9.816000e-01
5.066438e+01	-3.246000e-01
5.068924e+01	2.650000e-02
5.071410e+01	3.413000e-01
5.073896e+01	2.001000e-01
5.076382e+01	3.991000e-01
5.078868e+01	5.178000e-01
5.081354e+01	5.452000e-01
5.083840e+01	3.550000e-01
5.086326e+01	1.648000e-01
5.088812e+01	1.579000e-01
5.091298e+01	5.100000e-02
5.093784e+01	-3.236000e-01
5.096270e+01	-5.364000e-01
5.098756e+01	-2.138000e-01
5.101242e+01	9.320000e-02
5.103728e+01	2.491000e-01
5.106214e+01	-4.510000e-02
5.108700e+01	-2.354000e-01
5.111186e+01	-2.952000e-01
5.113672e+01	-6.860000e-02
5.116158e+01	1.108000e-01
5.118644e+01	1.814000e-01
5.121130e+01	-1.570000e-02
5.123616e+01	-1.785000e-01
5.126102e+01	6.180000e-02
5.128588e+01	-2.628000e-01
5.131074e+01	-4.423000e-01
5.133560e+01	-1.746000e-01
5.136046e+01	7.800000e-03
5.138532e+01	4.099000e-01
5.141018e+01	1.471000e-01
5.143504e+01	4.060000e-01
5.145990e+01	2.236000e-01
5.148476e+01	3.119000e-01
5.150962e+01	-1.559000e-01
5.153448e+01	-3.854000e-01
5.155934e+01	-5.423000e-01
5.158420e+01	-2.520000e-01
5.160906e+01	6.370000e-02
5.163392e+01	3.079000e-01
5.165878e+01	4.344000e-01
5.168364e+01	2.256000e-01
5.170850e+01	3.354000e-01
5.173336e+01	-9.320000e-02
5.175822e+01	2.157000e-01
5.178308e+01	-1.059000e-01
5.180794e+01	-4.148000e-01
5.183280e+01	-3.187000e-01
5.185766e+01	-3.140000e-02
5.188252e+01	1.824000e-01
5.190738e+01	2.962000e-01
5.193224e+01	7.850000e-02
5.195710e+01	-4.610000e-02
5.198196e+01	1.030000e-01
5.200682e+01	1.785000e-01
5.203168e+01	-1.040000e-01
5.205653e+01	-1.206000e-01
5.208139e+01	-3.550000e-01
5.210625e+01	-5.168000e-01
5.213111e+01	-3.540000e-01
5.215597e+01	-3.540000e-01
5.218083e+01	-7.260000e-02
5.220569e+01	1.334000e-01
5.223055e+01	9.120000e-02
5.225541e+01	2.452000e-01
5.228027e+01	1.961000e-01
5.230513e+01	3.334000e-01
5.232999e+01	4.305000e-01
5.235485e+01	1.147000e-01
5.237971e+01	3.148000e-01
5.240457e+01	4.410000e-02
5.242943e+01	-1.265000e-01
5.245429e+01	-3.256000e-01
5.247915e+01	-1.598000e-01
5.250401e+01	-4.305000e-01
5.252887e+01	-4.864000e-01
5.255373e+01	-1.608000e-01
5.257859e+01	1.177000e-01
5.260345e+01	2.373000e-01
5.262831e+01	2.265000e-01
5.265317e+01	-6.900000e-03
5.267803e+01	2.520000e-01
5.270289e+01	4.080000e-01
5.272775e+01	2.030000e-01
5.275261e+01	2.501000e-01
5.277747e+01	-3.240000e-02
5.280233e+01	-1.860000e-02
5.282719e+01	-3.530000e-01
5.285205e+01	-5.207000e-01
5.287691e+01	-5.305000e-01
5.290177e+01	-4.060000e-01
5.292663e+01	-5.590000e-02
5.295149e+01	3.069000e-01
5.297635e+01	6.051000e-01
5.300121e+01	2.108000e-01
5.302607e+01	-5.300000e-02
5.305093e+01	-1.726000e-01
5.307579e+01	1.981000e-01
5.310065e+01	4.276000e-01
5.312551e+01	5.541000e-01
5.315037e+01	3.060000e-01
5.317523e+01	-1.706000e-01
5.320009e+01	-4.099000e-01
5.322495e+01	-6.119000e-01
5.324981e+01	-6.423000e-01
5.327467e+01	-4.962000e-01
5.329953e+01	-3.119000e-01
5.332439e+01	-8.830000e-02
5.334925e+01	1.363000e-01
5.337411e+01	3.158000e-01
5.339897e+01	1.960000e-02
5.342383e+01	2.001000e-01
5.344869e+01	3.658000e-01
5.347355e+01	1.010000e-01
5.349841e+01	1.010000e-01
5.352327e+01	-1.118000e-01
5.354813e+01	-1.030000e-01
5.357299e+01	-4.315000e-01
5.359785e+01	-5.757000e-01
5.362271e+01	-5.452000e-01
5.364757e+01	-4.717000e-01
5.367243e+01	-1.265000e-01
5.369729e+01	2.363000e-01
5.372215e+01	4.158000e-01
5.374701e+01	4.570000e-01
5.377186e+01	3.187000e-01
5.379672e+01	1.863000e-01
5.382158e+01	3.109000e-01
5.384644e+01	4.393000e-01
5.387130e+01	5.913000e-01
5.389616e+01	2.079000e-01
5.392102e+01	4.900000e-02
5.394588e+01	-1.167000e-01
5.397074e+01	-7.850000e-02
5.399560e+01	-2.550000e-02
5.402046e+01	-2.599000e-01
5.404532e+01	-4.619000e-01
5.407018e+01	-4.286000e-01
5.409504e+01	-2.285000e-01
5.411990e+01	-1.098000e-01
5.414476e+01	-2.422000e-01
5.416962e+01	-3.138000e-01
5.419448e+01	3.630000e-02
5.421934e+01	2.206000e-01
5.424420e+01	3.717000e-01
5.426906e+01	3.570000e-01
5.429392e+01	2.746000e-01
5.431878e+01	4.619000e-01
5.434364e+01	2.442000e-01
5.436850e+01	1.304000e-01
5.439336e+01	1.638000e-01
5.441822e+01	-8.040000e-02
5.444308e+01	7.850000e-02
5.446794e+01	-2.030000e-01
5.449280e+01	-3.658000e-01
5.451766e+01	-5.374000e-01
5.454252e+01	-2.609000e-01
5.456738e+01	-5.100000e-02
5.459224e+01	1.216000e-01
5.461710e+01	-3.330000e-02
5.464196e+01	-2.677000e-01
5.466682e+01	2.609000e-01
5.469168e+01	5.786000e-01
5.471654e+01	7.796000e-01
5.474140e+01	3.932000e-01
5.476626e+01	2.108000e-01
5.479112e+01	2.069000e-01
5.481598e+01	-7.060000e-02
5.484084e+01	-2.354000e-01
5.486570e+01	-3.020000e-01
5.489056e+01	6.770000e-02
5.491542e+01	-2.050000e-01
5.494028e+01	-2.350000e-02
5.496514e+01	-1.236000e-01
5.499000e+01	2.363000e-01
5.501486e+01	3.140000e-02
5.503972e+01	2.314000e-01
5.506458e+01	1.814000e-01
5.508944e+01	2.295000e-01
5.511430e+01	-2.550000e-02
5.513916e+01	-1.834000e-01
5.516402e+01	1.040000e-01
5.518888e+01	2.736000e-01
5.521374e+01	3.677000e-01
5.523860e+01	1.520000e-01
5.526346e+01	2.650000e-02
5.528832e+01	1.570000e-02
5.531318e+01	-2.059000e-01
5.533804e+01	-2.834000e-01
5.536290e+01	-1.069000e-01
5.538776e+01	-2.775000e-01
5.541262e+01	-1.373000e-01
5.543748e+01	-4.310000e-02
5.546234e+01	-1.275000e-01
5.548719e+01	-1.383000e-01
5.551205e+01	2.160000e-02
5.553691e+01	1.393000e-01
5.556177e+01	2.412000e-01
5.558663e+01	-6.370000e-02
5.561149e+01	9.900000e-02
5.563635e+01	9.320000e-02
5.566121e+01	3.011000e-01
5.568607e+01	8.430000e-02
5.571093e+01	3.756000e-01
5.573579e+01	4.884000e-01
5.576065e+01	2.922000e-01
5.578551e+01	1.991000e-01
5.581037e+01	2.736000e-01
5.583523e+01	-4.410000e-02
5.586009e+01	9.900000e-02
5.588495e+01	-1.765000e-01
5.590981e+01	-2.160000e-02
5.593467e+01	-2.726000e-01
5.595953e+01	-4.168000e-01
5.598439e+01	-2.305000e-01
5.600925e+01	-5.690000e-02
5.603411e+01	-4.510000e-02
5.605897e+01	9.510000e-02
5.608383e+01	1.383000e-01
5.610869e+01	-1.080000e-02
5.613355e+01	1.000000e-01
5.615841e+01	2.010000e-01
5.618327e+01	4.710000e-02
5.620813e+01	5.900000e-03
5.623299e+01	2.050000e-01
5.625785e+01	1.383000e-01
5.628271e+01	2.550000e-01
5.630757e+01	-8.920000e-02
5.633243e+01	-1.304000e-01
5.635729e+01	1.069000e-01
5.638215e+01	-1.180000e-02
5.640701e+01	1.844000e-01
5.643187e+01	1.108000e-01
5.645673e+01	2.393000e-01
5.648159e+01	2.089000e-01
5.650645e+01	5.100000e-02
5.653131e+01	-1.030000e-01
5.655617e+01	-3.266000e-01
5.658103e+01	-4.452000e-01
5.660589e+01	-3.844000e-01
5.663075e+01	-4.560000e-01
5.665561e+01	-3.236000e-01
5.668047e+01	2.750000e-02
5.670533e+01	2.275000e-01
5.673019e+01	4.011000e-01
5.675505e+01	5.737000e-01
5.677991e+01	4.080000e-01
5.680477e+01	2.511000e-01
5.682963e+01	9.220000e-02
5.685449e+01	2.599000e-01
5.687935e+01	-5.390000e-02
5.690421e+01	-3.423000e-01
5.692907e+01	-5.354000e-01
5.695393e+01	-6.159000e-01
5.697879e+01	-4.305000e-01
5.700365e+01	-1.706000e-01
5.702851e+01	-5.790000e-02
5.705337e+01	3.330000e-02
5.707823e+01	2.716000e-01
5.710309e+01	4.403000e-01
5.712795e+01	5.050000e-01
5.715281e+01	5.325000e-01
5.717766e+01	3.373000e-01
5.720252e+01	1.795000e-01
5.722738e+01	5.690000e-02
5.725224e+01	2.650000e-02
5.727710e+01	1.353000e-01
5.730196e+01	9.220000e-02
5.732682e+01	-1.422000e-01
5.735168e+01	-2.913000e-01
5.737654e+01	-3.746000e-01
5.740140e+01	-2.285000e-01
5.742626e+01	-1.187000e-01
5.745112e+01	-2.236000e-01
5.747598e+01	1.180000e-02
5.750084e+01	-8.240000e-02
5.752570e+01	-1.461000e-01
5.755056e+01	-5.100000e-02
5.757542e+01	2.216000e-01
5.760028e+01	7.060000e-02
5.762514e+01	-2.260000e-02
5.765000e+01	6.860000e-02
5.767486e+01	3.344000e-01
5.769972e+01	1.952000e-01
5.772458e+01	1.089000e-01
5.774944e+01	9.220000e-02
5.777430e+01	2.452000e-01
5.779916e+01	3.746000e-01
5.782402e+01	1.432000e-01
5.784888e+01	-1.236000e-01
5.787374e+01	-3.109000e-01
5.789860e+01	-3.952000e-01
5.792346e+01	-1.746000e-01
5.794832e+01	-2.840000e-02
5.797318e+01	6.280000e-02
5.799804e+01	0.000000e+00
5.802290e+01	2.579000e-01
5.804776e+01	4.207000e-01
5.807262e+01	5.776000e-01
5.809748e+01	3.393000e-01
5.812234e+01	1.736000e-01
5.814720e+01	3.256000e-01
5.817206e+01	5.874000e-01
5.819692e+01	1.844000e-01
5.822178e+01	-5.980000e-02
5.824664e+01	-2.501000e-01
5.827150e+01	-4.737000e-01
5.829636e+01	-5.639000e-01
5.832122e+01	-3.560000e-01
5.834608e+01	-1.991000e-01
5.837094e+01	-2.260000e-02
5.839580e+01	-1.628000e-01
5.842066e+01	-1.932000e-01
5.844552e+01	1.157000e-01
5.847038e+01	3.324000e-01
5.849524e+01	4.521000e-01
5.852010e+01	4.688000e-01
5.854496e+01	2.128000e-01
5.856982e+01	8.140000e-02
5.859468e+01	6.770000e-02
5.861954e+01	2.569000e-01
5.864440e+01	3.756000e-01
5.866926e+01	1.353000e-01
5.869412e+01	-1.570000e-02
5.871898e+01	-9.410000e-02
5.874384e+01	-1.324000e-01
5.876870e+01	-3.330000e-02
5.879356e+01	7.450000e-02
5.881842e+01	1.863000e-01
5.884328e+01	-9.610000e-02
5.886814e+01	-1.540000e-01
5.889299e+01	-9.320000e-02
5.891785e+01	-2.864000e-01
5.894271e+01	-3.962000e-01
5.896757e+01	-4.648000e-01
5.899243e+01	-1.500000e-01
5.901729e+01	1.412000e-01
5.904215e+01	4.001000e-01
5.906701e+01	3.207000e-01
5.909187e+01	3.315000e-01
5.911673e+01	5.374000e-01
5.914159e+01	6.698000e-01
5.916645e+01	4.570000e-01
5.919131e+01	3.305000e-01
5.921617e+01	2.864000e-01
5.924103e+01	1.370000e-02
5.926589e+01	-1.981000e-01
5.929075e+01	-3.275000e-01
5.931561e+01	-4.815000e-01
5.934047e+01	-6.139000e-01
5.936533e+01	-8.179000e-01
5.939019e+01	-5.001000e-01
5.941505e+01	-2.108000e-01
5.943991e+01	-5.900000e-03
5.946477e+01	2.265000e-01
5.948963e+01	2.216000e-01
5.951449e+01	3.364000e-01
5.953935e+01	4.717000e-01
5.956421e+01	4.599000e-01
5.958907e+01	7.669000e-01
5.961393e+01	3.579000e-01
5.963879e+01	1.510000e-01
5.966365e+01	-4.810000e-02
5.968851e+01	-2.707000e-01
5.971337e+01	-4.835000e-01
5.973823e+01	-3.619000e-01
5.976309e+01	-4.874000e-01
5.978795e+01	-2.160000e-02
5.981281e+01	2.511000e-01
5.983767e+01	5.403000e-01
5.986253e+01	1.628000e-01
5.988739e+01	2.491000e-01
5.991225e+01	-1.853000e-01
5.993711e+01	8.530000e-02
5.996197e+01	-1.147000e-01
5.998683e+01	-1.363000e-01
6.001169e+01	1.628000e-01
6.003655e+01	1.569000e-01
6.006141e+01	2.099000e-01
6.008627e+01	3.020000e-01
6.011113e+01	8.530000e-02
6.013599e+01	2.275000e-01
6.016085e+01	1.128000e-01
6.018571e+01	1.648000e-01
6.021057e+01	2.750000e-02
6.023543e+01	6.180000e-02
6.026029e+01	2.599000e-01
6.028515e+01	1.795000e-01
6.031001e+01	-2.216000e-01
6.033487e+01	-1.370000e-02
6.035973e+01	7.750000e-02
6.038459e+01	-2.010000e-01
6.040945e+01	-1.814000e-01
6.043431e+01	-2.893000e-01
6.045917e+01	2.550000e-02
6.048403e+01	1.147000e-01
6.050889e+01	4.668000e-01
6.053375e+01	4.335000e-01
6.055861e+01	1.147000e-01
6.058347e+01	-1.500000e-01
6.060832e+01	-2.001000e-01
6.063318e+01	-7.800000e-03
6.065804e+01	3.140000e-02
6.068290e+01	-2.373000e-01
6.070776e+01	-4.158000e-01
6.073262e+01	-4.992000e-01
6.075748e+01	-1.324000e-01
6.078234e+01	-1.370000e-02
6.080720e+01	6.280000e-02
6.083206e+01	2.383000e-01
6.085692e+01	5.580000e-01
6.088178e+01	3.295000e-01
6.090664e+01	2.128000e-01
6.093150e+01	1.716000e-01
6.095636e+01	-1.540000e-01
6.098122e+01	-3.030000e-01
6.100608e+01	-1.873000e-01
6.103094e+01	-1.755000e-01
6.105580e+01	-1.716000e-01
6.108066e+01	-1.180000e-02
6.110552e+01	9.610000e-02
6.113038e+01	2.442000e-01
6.115524e+01	7.650000e-02
6.118010e+01	-7.450000e-02
6.120496e+01	-1.670000e-02
6.122982e+01	1.167000e-01
6.125468e+01	2.373000e-01
6.127954e+01	4.580000e-01
6.130440e+01	1.952000e-01
6.132926e+01	4.220000e-02
6.135412e+01	-8.430000e-02
6.137898e+01	-2.157000e-01
6.140384e+01	-1.687000e-01
6.142870e+01	-5.790000e-02
6.145356e+01	-1.991000e-01
6.147842e+01	-2.903000e-01
6.150328e+01	-7.160000e-02
6.152814e+01	-1.422000e-01
6.155300e+01	-6.280000e-02
6.157786e+01	3.900000e-03
6.160272e+01	-1.559000e-01
6.162758e+01	-1.814000e-01
6.165244e+01	2.550000e-02
6.167730e+01	1.844000e-01
6.170216e+01	2.206000e-01
6.172702e+01	8.240000e-02
6.175188e+01	-4.120000e-02
6.177674e+01	9.410000e-02
6.180160e+01	-2.260000e-02
6.182646e+01	-2.187000e-01
6.185132e+01	-3.207000e-01
6.187618e+01	-1.275000e-01
6.190104e+01	1.177000e-01
6.192590e+01	3.148000e-01
6.195076e+01	4.776000e-01
6.197562e+01	2.952000e-01
6.200048e+01	7.550000e-02
6.202534e+01	-6.180000e-02
6.205020e+01	-1.432000e-01
6.207506e+01	-1.353000e-01
6.209992e+01	5.790000e-02
6.212478e+01	1.648000e-01
6.214964e+01	-1.628000e-01
6.217450e+01	-3.040000e-01
6.219936e+01	-3.834000e-01
6.222422e+01	-2.893000e-01
6.224908e+01	-1.079000e-01
6.227394e+01	5.690000e-02
6.229879e+01	-5.100000e-02
6.232365e+01	-1.422000e-01
6.234851e+01	-1.559000e-01
6.237337e+01	7.650000e-02
6.239823e+01	2.491000e-01
6.242309e+01	4.197000e-01
6.244795e+01	1.549000e-01
6.247281e+01	1.670000e-02
6.249767e+01	-1.049000e-01
6.252253e+01	-4.900000e-02
6.254739e+01	7.450000e-02
6.257225e+01	1.422000e-01
6.259711e+01	-2.450000e-02
6.262197e+01	8.830000e-02
6.264683e+01	-1.118000e-01
6.267169e+01	-1.559000e-01
6.269655e+01	-1.226000e-01
6.272141e+01	-2.260000e-02
6.274627e+01	2.160000e-02
6.277113e+01	2.815000e-01
6.279599e+01	1.373000e-01
6.282085e+01	9.120000e-02
6.284571e+01	6.370000e-02
6.287057e+01	8.920000e-02
6.289543e+01	-1.324000e-01
6.292029e+01	-2.344000e-01
6.294515e+01	-1.422000e-01
6.297001e+01	-3.140000e-02
6.299487e+01	5.200000e-02
6.301973e+01	-5.300000e-02
6.304459e+01	-5.590000e-02
6.306945e+01	5.490000e-02
6.309431e+01	1.471000e-01
6.311917e+01	2.157000e-01
6.314403e+01	-4.120000e-02
6.316889e+01	-1.540000e-01
6.319375e+01	-5.690000e-02
6.321861e+01	-7.800000e-03
6.324347e+01	-1.677000e-01
6.326833e+01	-2.118000e-01
6.329319e+01	-1.451000e-01
6.331805e+01	-1.770000e-02
6.334291e+01	1.442000e-01
6.336777e+01	2.795000e-01
6.339263e+01	3.619000e-01
6.341749e+01	2.079000e-01
6.344235e+01	6.860000e-02
6.346721e+01	7.940000e-02
6.349207e+01	-1.451000e-01
6.351693e+01	-3.383000e-01
6.354179e+01	-1.402000e-01
6.356665e+01	1.180000e-02
6.359151e+01	1.432000e-01
6.361637e+01	1.981000e-01
6.364123e+01	1.860000e-02
6.366609e+01	1.746000e-01
6.369095e+01	0.000000e+00
6.371581e+01	1.775000e-01
6.374067e+01	-1.470000e-02
6.376553e+01	-1.108000e-01
6.379039e+01	-1.844000e-01
6.381525e+01	1.180000e-02
6.384011e+01	-4.610000e-02
6.386497e+01	-1.657000e-01
6.388983e+01	-9.610000e-02
6.391469e+01	-1.540000e-01
6.393955e+01	4.610000e-02
6.396441e+01	-7.750000e-02
6.398927e+01	-7.800000e-03
6.401412e+01	-5.390000e-02
6.403898e+01	1.324000e-01
6.406384e+01	1.294000e-01
6.408870e+01	2.550000e-01
6.411356e+01	1.942000e-01
6.413842e+01	2.481000e-01
6.416328e+01	-1.648000e-01
6.418814e+01	-3.550000e-01
6.421300e+01	-4.766000e-01
6.423786e+01	-1.853000e-01
6.426272e+01	-1.716000e-01
6.428758e+01	0.000000e+00
6.431244e+01	1.010000e-01
6.433730e+01	9.610000e-02
6.436216e+01	2.707000e-01
6.438702e+01	3.364000e-01
6.441188e+01	3.874000e-01
6.443674e+01	3.099000e-01
6.446160e+01	3.128000e-01
6.448646e+01	-5.300000e-02
6.451132e+01	-3.393000e-01
6.453618e+01	-4.138000e-01
6.456104e+01	-2.403000e-01
6.458590e+01	-1.893000e-01
6.461076e+01	-2.677000e-01
6.463562e+01	-1.412000e-01
6.466048e+01	-2.069000e-01
6.468534e+01	2.750000e-02
6.471020e+01	-1.270000e-02
6.473506e+01	1.285000e-01
6.475992e+01	3.040000e-02
6.478478e+01	1.638000e-01
6.480964e+01	4.410000e-02
6.483450e+01	-1.670000e-02
6.485936e+01	1.638000e-01
6.488422e+01	-1.393000e-01
6.490908e+01	-4.310000e-02
6.493394e+01	1.030000e-01
6.495880e+01	-3.140000e-02
6.498366e+01	-1.432000e-01
6.500852e+01	-1.520000e-01
6.503338e+01	-3.730000e-02
6.505824e+01	1.079000e-01
6.508310e+01	-6.180000e-02
6.510796e+01	-2.265000e-01
6.513282e+01	-2.991000e-01
6.515768e+01	-2.265000e-01
6.518254e+01	-5.690000e-02
6.520740e+01	5.300000e-02
6.523226e+01	8.040000e-02
6.525712e+01	-4.510000e-02
6.528198e+01	-1.294000e-01
6.530684e+01	-7.850000e-02
6.533170e+01	1.363000e-01
6.535656e+01	2.471000e-01
6.538142e+01	2.530000e-01
6.540628e+01	2.501000e-01
6.543114e+01	1.863000e-01
6.545600e+01	8.340000e-02
6.548086e+01	-4.120000e-02
6.550572e+01	-1.795000e-01
6.553058e+01	-2.756000e-01
6.555544e+01	-3.119000e-01
6.558030e+01	-2.148000e-01
6.560516e+01	-1.667000e-01
6.563002e+01	-3.079000e-01
6.565488e+01	-3.942000e-01
6.567974e+01	-2.893000e-01
6.570460e+01	-7.800000e-03
6.572945e+01	1.667000e-01
6.575431e+01	3.011000e-01
6.577917e+01	2.305000e-01
6.580403e+01	6.280000e-02
6.582889e+01	1.530000e-01
6.585375e+01	7.650000e-02
6.587861e+01	1.000000e-01
6.590347e+01	-8.630000e-02
6.592833e+01	-3.140000e-02
6.595319e+01	-3.324000e-01
6.597805e+01	-2.638000e-01
6.600291e+01	-1.657000e-01
6.602777e+01	-3.119000e-01
6.605263e+01	-3.423000e-01
6.607749e+01	-1.706000e-01
6.610235e+01	1.383000e-01
6.612721e+01	3.373000e-01
6.615207e+01	4.403000e-01
6.617693e+01	3.511000e-01
6.620179e+01	3.109000e-01
6.622665e+01	2.628000e-01
6.625151e+01	1.961000e-01
6.627637e+01	1.383000e-01
6.630123e+01	-9.800000e-03
6.632609e+01	-1.432000e-01
6.635095e+01	-2.246000e-01
6.637581e+01	-4.610000e-02
6.640067e+01	9.800000e-03
6.642553e+01	-7.850000e-02
6.645039e+01	-1.942000e-01
6.647525e+01	-2.491000e-01
6.650011e+01	-1.540000e-01
6.652497e+01	-9.610000e-02
6.654983e+01	-1.128000e-01
6.657469e+01	-2.305000e-01
6.659955e+01	-1.932000e-01
6.662441e+01	-7.450000e-02
6.664927e+01	1.040000e-01
6.667413e+01	2.697000e-01
6.669899e+01	2.864000e-01
6.672385e+01	1.373000e-01
6.674871e+01	2.844000e-01
6.677357e+01	6.280000e-02
6.679843e+01	5.900000e-03
6.682329e+01	9.120000e-02
6.684815e+01	-1.265000e-01
6.687301e+01	-2.461000e-01
6.689787e+01	-5.200000e-02
6.692273e+01	7.060000e-02
6.694759e+01	-2.160000e-02
6.697245e+01	-5.100000e-02
6.699731e+01	3.730000e-02
6.702217e+01	1.912000e-01
6.704703e+01	3.079000e-01
6.707189e+01	2.805000e-01
6.709675e+01	1.167000e-01
6.712161e+01	-1.294000e-01
6.714647e+01	-1.697000e-01
6.717133e+01	-1.530000e-01
6.719619e+01	-1.461000e-01
6.722105e+01	-1.040000e-01
6.724591e+01	8.800000e-03
6.727077e+01	1.373000e-01
6.729563e+01	1.245000e-01
6.732049e+01	2.650000e-02
6.734535e+01	-1.080000e-02
6.737021e+01	-8.800000e-03
6.739507e+01	9.610000e-02
6.741992e+01	1.353000e-01
6.744478e+01	1.108000e-01
6.746964e+01	-4.410000e-02
6.749450e+01	-1.373000e-01
6.751936e+01	-2.246000e-01
6.754422e+01	-1.540000e-01
6.756908e+01	2.000000e-03
6.759394e+01	7.750000e-02
6.761880e+01	1.206000e-01
6.764366e+01	1.049000e-01
6.766852e+01	-4.900000e-03
6.769338e+01	-1.098000e-01
6.771824e+01	-1.324000e-01
6.774310e+01	-6.180000e-02
6.776796e+01	1.079000e-01
6.779282e+01	2.295000e-01
6.781768e+01	7.650000e-02
6.784254e+01	-6.670000e-02
6.786740e+01	-6.960000e-02
6.789226e+01	3.040000e-02
6.791712e+01	1.442000e-01
6.794198e+01	-1.180000e-02
6.796684e+01	-7.650000e-02
6.799170e+01	7.260000e-02
6.801656e+01	6.960000e-02
6.804142e+01	-7.940000e-02
6.806628e+01	-8.630000e-02
6.809114e+01	1.470000e-02
6.811600e+01	-1.128000e-01
6.814086e+01	-2.206000e-01
6.816572e+01	-2.260000e-02
6.819058e+01	-3.920000e-02
6.821544e+01	7.450000e-02
6.824030e+01	-3.630000e-02
6.826516e+01	-1.304000e-01
6.829002e+01	8.630000e-02
6.831488e+01	-1.860000e-02
6.833974e+01	4.900000e-02
6.836460e+01	2.900000e-03
6.838946e+01	1.451000e-01
6.841432e+01	5.880000e-02
6.843918e+01	4.710000e-02
6.846404e+01	-1.540000e-01
6.848890e+01	-2.256000e-01
6.851376e+01	-8.920000e-02
6.853862e+01	-8.340000e-02
6.856348e+01	5.880000e-02
6.858834e+01	3.730000e-02
6.861320e+01	9.120000e-02
6.863806e+01	2.000000e-03
6.866292e+01	-2.260000e-02
6.868778e+01	-1.863000e-01
6.871264e+01	-1.873000e-01
6.873750e+01	4.900000e-02
6.876236e+01	-5.300000e-02
6.878722e+01	1.270000e-02
6.881208e+01	6.370000e-02
6.883694e+01	1.608000e-01
6.886180e+01	2.350000e-02
6.888666e+01	-7.160000e-02
6.891152e+01	1.670000e-02
6.893638e+01	4.710000e-02
6.896124e+01	-5.980000e-02
6.898610e+01	-5.590000e-02
6.901096e+01	1.304000e-01
6.903582e+01	1.030000e-01
6.906068e+01	2.030000e-01
6.908554e+01	5.880000e-02
6.911040e+01	2.160000e-02
6.913525e+01	5.880000e-02
6.916011e+01	1.177000e-01
6.918497e+01	3.530000e-02
6.920983e+01	-1.098000e-01
6.923469e+01	-1.716000e-01
6.925955e+01	-2.138000e-01
6.928441e+01	-4.220000e-02
6.930927e+01	6.770000e-02
6.933413e+01	1.147000e-01
6.935899e+01	5.590000e-02
6.938385e+01	-3.430000e-02
6.940871e+01	7.940000e-02
6.943357e+01	2.099000e-01
6.945843e+01	8.430000e-02
6.948329e+01	-1.040000e-01
6.950815e+01	-1.667000e-01
6.953301e+01	-1.275000e-01
6.955787e+01	-4.220000e-02
6.958273e+01	-1.020000e-01
6.960759e+01	1.069000e-01
6.963245e+01	4.220000e-02
6.965731e+01	1.138000e-01
6.968217e+01	-1.470000e-02
6.970703e+01	-6.770000e-02
6.973189e+01	-1.765000e-01
6.975675e+01	-7.160000e-02
6.978161e+01	-6.570000e-02
6.980647e+01	2.160000e-02
6.983133e+01	2.373000e-01
6.985619e+01	3.148000e-01
6.988105e+01	1.775000e-01
6.990591e+01	-6.860000e-02
6.993077e+01	-1.138000e-01
6.995563e+01	-1.638000e-01
6.998049e+01	1.180000e-02
7.000535e+01	-2.000000e-03
7.003021e+01	4.900000e-02
7.005507e+01	-8.140000e-02
7.007993e+01	1.206000e-01
7.010479e+01	-6.900000e-03
7.012965e+01	-1.167000e-01
7.015451e+01	-3.040000e-02
7.017937e+01	-1.059000e-01
7.020423e+01	-2.550000e-02
7.022909e+01	-7.060000e-02
7.025395e+01	-1.670000e-02
7.027881e+01	-1.049000e-01
7.030367e+01	1.670000e-02
7.032853e+01	1.010000e-01
7.035339e+01	5.900000e-03
7.037825e+01	3.730000e-02
7.040311e+01	-3.530000e-02
7.042797e+01	-8.430000e-02
7.045283e+01	2.060000e-02
7.047769e+01	-1.500000e-01
7.050255e+01	-1.912000e-01
7.052741e+01	-8.430000e-02
7.055227e+01	2.059000e-01
7.057713e+01	3.177000e-01
7.060199e+01	3.727000e-01
7.062685e+01	2.236000e-01
7.065171e+01	4.410000e-02
7.067657e+01	-7.800000e-03
7.070143e+01	4.310000e-02
7.072629e+01	-5.390000e-02
7.075115e+01	-2.432000e-01
7.077601e+01	-2.609000e-01
7.080087e+01	-1.530000e-01
7.082573e+01	9.810000e-02
7.085058e+01	1.618000e-01
7.087544e+01	1.451000e-01
7.090030e+01	1.893000e-01
7.092516e+01	7.350000e-02
7.095002e+01	3.820000e-02
7.097488e+01	-1.128000e-01
7.099974e+01	-1.314000e-01
7.102460e+01	-1.491000e-01
7.104946e+01	-3.040000e-02
7.107432e+01	-3.430000e-02
7.109918e+01	6.470000e-02
7.112404e+01	1.736000e-01
7.114890e+01	2.246000e-01
7.117376e+01	7.350000e-02
7.119862e+01	-2.350000e-02
7.122348e+01	-1.089000e-01
7.124834e+01	-7.550000e-02
7.127320e+01	-3.900000e-03
7.129806e+01	1.089000e-01
7.132292e+01	1.902000e-01
7.134778e+01	8.240000e-02
7.137264e+01	-1.657000e-01
7.139750e+01	-1.226000e-01
7.142236e+01	-3.240000e-02
7.144722e+01	-6.470000e-02
7.147208e+01	-1.670000e-02
7.149694e+01	-1.080000e-02
7.152180e+01	1.089000e-01
7.154666e+01	-1.670000e-02
7.157152e+01	7.450000e-02
7.159638e+01	9.220000e-02
7.162124e+01	-7.160000e-02
7.164610e+01	-2.569000e-01
7.167096e+01	-6.960000e-02
7.169582e+01	-1.236000e-01
7.172068e+01	-1.960000e-02
7.174554e+01	8.830000e-02
7.177040e+01	5.880000e-02
7.179526e+01	1.324000e-01
7.182012e+01	5.590000e-02
7.184498e+01	1.080000e-02
7.186984e+01	-1.628000e-01
7.189470e+01	-8.830000e-02
7.191956e+01	-1.236000e-01
7.194442e+01	1.118000e-01
7.196928e+01	1.814000e-01
7.199414e+01	2.520000e-01
7.201900e+01	3.187000e-01
7.204386e+01	1.579000e-01
7.206872e+01	1.128000e-01
7.209358e+01	-1.442000e-01
7.211844e+01	-1.481000e-01
7.214330e+01	-1.108000e-01
7.216816e+01	-2.540000e-01
7.219302e+01	-2.177000e-01
7.221788e+01	-2.050000e-01
7.224274e+01	2.000000e-03
7.226760e+01	1.952000e-01
7.229246e+01	-4.610000e-02
7.231732e+01	3.240000e-02
7.234218e+01	-8.240000e-02
7.236704e+01	-1.960000e-02
7.239190e+01	3.530000e-02
7.241676e+01	-4.810000e-02
7.244162e+01	9.320000e-02
7.246648e+01	1.030000e-01
7.249134e+01	-3.530000e-02
7.251620e+01	-1.618000e-01
7.254105e+01	4.610000e-02
7.256591e+01	-2.650000e-02
7.259077e+01	-1.873000e-01
7.261563e+01	-8.730000e-02
7.264049e+01	-1.412000e-01
7.266535e+01	-2.840000e-02
7.269021e+01	1.470000e-02
7.271507e+01	-1.138000e-01
7.273993e+01	4.610000e-02
7.276479e+01	1.108000e-01
7.278965e+01	4.020000e-02
7.281451e+01	-1.461000e-01
7.283937e+01	-2.060000e-02
7.286423e+01	1.049000e-01
7.288909e+01	-6.860000e-02
7.291395e+01	-1.373000e-01
7.293881e+01	2.260000e-02
7.296367e+01	1.030000e-01
7.298853e+01	-1.080000e-02
7.301339e+01	-1.000000e-03
7.303825e+01	-1.981000e-01
7.306311e+01	-4.220000e-02
7.308797e+01	-1.510000e-01
7.311283e+01	5.100000e-02
7.313769e+01	-4.020000e-02
7.316255e+01	2.350000e-02
7.318741e+01	-2.650000e-02
7.321227e+01	-1.265000e-01
7.323713e+01	-8.920000e-02
7.326199e+01	-1.559000e-01
7.328685e+01	-4.510000e-02
7.331171e+01	-8.830000e-02
7.333657e+01	3.330000e-02
7.336143e+01	8.430000e-02
7.338629e+01	-1.520000e-01
7.341115e+01	-8.040000e-02
7.343601e+01	-1.667000e-01
7.346087e+01	6.670000e-02
7.348573e+01	1.363000e-01
7.351059e+01	1.010000e-01
7.353545e+01	2.840000e-02
7.356031e+01	-1.559000e-01
7.358517e+01	-8.530000e-02
7.361003e+01	-1.442000e-01
7.363489e+01	-3.730000e-02
7.365975e+01	-2.775000e-01
7.368461e+01	-7.350000e-02
7.370947e+01	1.353000e-01
7.373433e+01	3.900000e-03
7.375919e+01	1.402000e-01
7.378405e+01	1.334000e-01
7.380891e+01	2.160000e-02
7.383377e+01	-2.432000e-01
7.385863e+01	-1.314000e-01
7.388349e+01	-1.344000e-01
7.390835e+01	-2.844000e-01
7.393321e+01	3.530000e-02
7.395807e+01	1.569000e-01
7.398293e+01	2.275000e-01
7.400779e+01	-3.240000e-02
7.403265e+01	1.304000e-01
7.405751e+01	-1.177000e-01
7.408237e+01	-1.294000e-01
7.410723e+01	-4.220000e-02
7.413209e+01	-1.128000e-01
7.415695e+01	-4.810000e-02
7.418181e+01	-1.844000e-01
7.420667e+01	-1.000000e-03
7.423153e+01	2.840000e-02
7.425638e+01	-4.120000e-02
7.428124e+01	-1.432000e-01
7.430610e+01	-4.410000e-02
7.433096e+01	-7.550000e-02
7.435582e+01	1.180000e-02
7.438068e+01	7.260000e-02
7.440554e+01	1.020000e-01
7.443040e+01	1.461000e-01
7.445526e+01	-4.810000e-02
7.448012e+01	-1.608000e-01
7.450498e+01	-1.334000e-01
7.452984e+01	-9.810000e-02
7.455470e+01	-1.765000e-01
7.457956e+01	-2.138000e-01
7.460442e+01	-5.690000e-02
7.462928e+01	5.980000e-02
7.465414e+01	8.800000e-03
7.467900e+01	-3.430000e-02
7.470386e+01	6.370000e-02
7.472872e+01	1.226000e-01
7.475358e+01	1.196000e-01
7.477844e+01	4.510000e-02
7.480330e+01	-4.020000e-02
7.482816e+01	-6.080000e-02
7.485302e+01	7.800000e-03
7.487788e+01	3.330000e-02
7.490274e+01	-6.960000e-02
7.492760e+01	-6.670000e-02
7.495246e+01	4.310000e-02
7.497732e+01	-5.590000e-02
7.500218e+01	0.000000e+00
7.502704e+01	-9.710000e-02
7.505190e+01	-8.800000e-03
7.507676e+01	-1.020000e-01
7.510162e+01	4.900000e-03
7.512648e+01	-7.350000e-02
7.515134e+01	7.160000e-02
7.517620e+01	-4.410000e-02
7.520106e+01	-2.650000e-02
7.522592e+01	4.900000e-02
7.525078e+01	-1.010000e-01
7.527564e+01	-1.196000e-01
7.530050e+01	-7.800000e-03
7.532536e+01	-8.630000e-02
7.535022e+01	-7.060000e-02
7.537508e+01	-1.412000e-01
7.539994e+01	-1.270000e-02
7.542480e+01	-2.650000e-02
7.544966e+01	4.610000e-02
7.547452e+01	7.800000e-03
7.549938e+01	9.610000e-02
7.552424e+01	9.220000e-02
7.554910e+01	-1.080000e-02
7.557396e+01	5.590000e-02
7.559882e+01	-8.920000e-02
7.562368e+01	-1.981000e-01
7.564854e+01	-3.060000e-01
7.567340e+01	-1.706000e-01
7.569826e+01	-1.470000e-02
7.572312e+01	1.952000e-01
7.574798e+01	3.148000e-01
7.577284e+01	1.598000e-01
7.579770e+01	8.340000e-02
7.582256e+01	-7.160000e-02
7.584742e+01	-5.200000e-02
7.587228e+01	-2.099000e-01
7.589714e+01	-1.187000e-01
7.592200e+01	-1.559000e-01
7.594685e+01	5.000000e-02
7.597171e+01	1.216000e-01
7.599657e+01	3.820000e-02
7.602143e+01	9.120000e-02
7.604629e+01	-1.370000e-02
7.607115e+01	9.610000e-02
7.609601e+01	7.800000e-03
7.612087e+01	-6.080000e-02
7.614573e+01	-1.255000e-01
7.617059e+01	-3.730000e-02
7.619545e+01	-7.060000e-02
7.622031e+01	-4.900000e-02
7.624517e+01	1.795000e-01
7.627003e+01	1.981000e-01
7.629489e+01	1.265000e-01
7.631975e+01	2.750000e-02
7.634461e+01	4.900000e-03
7.636947e+01	-9.610000e-02
7.639433e+01	-1.510000e-01
7.641919e+01	-1.059000e-01
7.644405e+01	-1.648000e-01
7.646891e+01	-4.310000e-02
7.649377e+01	-3.530000e-02
7.651863e+01	7.550000e-02
7.654349e+01	-4.310000e-02
7.656835e+01	-1.324000e-01
7.659321e+01	-1.324000e-01
7.661807e+01	9.120000e-02
7.664293e+01	1.785000e-01
7.666779e+01	1.795000e-01
7.669265e+01	3.256000e-01
7.671751e+01	3.040000e-02
7.674237e+01	-1.167000e-01
7.676723e+01	-1.196000e-01
7.679209e+01	-5.790000e-02
7.681695e+01	-1.216000e-01
7.684181e+01	-1.422000e-01
7.686667e+01	-2.160000e-02
7.689153e+01	8.830000e-02
7.691639e+01	1.196000e-01
7.694125e+01	1.960000e-02
7.696611e+01	-2.160000e-02
7.699097e+01	-1.960000e-02
7.701583e+01	6.370000e-02
7.704069e+01	1.010000e-01
7.706555e+01	-8.800000e-03
7.709041e+01	2.750000e-02
7.711527e+01	-8.530000e-02
7.714013e+01	3.730000e-02
7.716499e+01	-1.670000e-02
7.718985e+01	2.160000e-02
7.721471e+01	-1.618000e-01
7.723957e+01	-2.650000e-02
7.726443e+01	-1.370000e-02
7.728929e+01	-8.730000e-02
7.731415e+01	2.750000e-02
7.733901e+01	1.579000e-01
7.736387e+01	2.314000e-01
7.738873e+01	1.383000e-01
7.741359e+01	1.860000e-02
7.743845e+01	-7.260000e-02
7.746331e+01	-1.363000e-01
7.748817e+01	-1.412000e-01
7.751303e+01	-8.800000e-03
7.753789e+01	1.304000e-01
7.756275e+01	2.422000e-01
7.758761e+01	2.609000e-01
7.761247e+01	1.373000e-01
7.763733e+01	1.040000e-01
7.766218e+01	-9.120000e-02
7.768704e+01	-1.500000e-01
7.771190e+01	-4.020000e-02
7.773676e+01	-7.060000e-02
7.776162e+01	4.710000e-02
7.778648e+01	1.491000e-01
7.781134e+01	1.393000e-01
7.783620e+01	5.880000e-02
7.786106e+01	9.810000e-02
7.788592e+01	-1.080000e-02
7.791078e+01	-5.100000e-02
7.793564e+01	-8.140000e-02
7.796050e+01	8.430000e-02
7.798536e+01	1.470000e-02
7.801022e+01	7.450000e-02
7.803508e+01	-6.670000e-02
7.805994e+01	-4.510000e-02
7.808480e+01	-2.128000e-01
7.810966e+01	-1.108000e-01
7.813452e+01	-5.590000e-02
7.815938e+01	-1.138000e-01
7.818424e+01	2.940000e-02
7.820910e+01	1.677000e-01
7.823396e+01	1.285000e-01
7.825882e+01	6.370000e-02
7.828368e+01	1.187000e-01
7.830854e+01	1.314000e-01
7.833340e+01	2.260000e-02
7.835826e+01	-7.650000e-02
7.838312e+01	-6.180000e-02
7.840798e+01	8.800000e-03
7.843284e+01	-3.820000e-02
7.845770e+01	1.324000e-01
7.848256e+01	9.900000e-02
7.850742e+01	-2.650000e-02
7.853228e+01	-9.410000e-02
7.855714e+01	1.960000e-02
7.858200e+01	-5.100000e-02
7.860686e+01	3.900000e-03
7.863172e+01	-9.800000e-03
7.865658e+01	5.790000e-02
7.868144e+01	3.730000e-02
7.870630e+01	7.800000e-03
7.873116e+01	-5.880000e-02
7.875602e+01	-1.373000e-01
7.878088e+01	-5.100000e-02
7.880574e+01	-9.800000e-03
7.883060e+01	2.000000e-03
7.885546e+01	-1.270000e-02
7.888032e+01	-1.860000e-02
7.890518e+01	1.000000e-01
7.893004e+01	5.000000e-02
7.895490e+01	-4.310000e-02
7.897976e+01	-4.120000e-02
7.900462e+01	-1.000000e-01
7.902948e+01	-2.940000e-02
7.905434e+01	4.310000e-02
7.907920e+01	-4.900000e-03
7.910406e+01	-3.140000e-02
7.912892e+01	1.180000e-02
7.915378e+01	3.240000e-02
7.917864e+01	-1.770000e-02
7.920350e+01	6.370000e-02
7.922836e+01	1.245000e-01
7.925322e+01	9.020000e-02
7.927808e+01	-4.900000e-03
7.930294e+01	-6.860000e-02
7.932780e+01	-5.390000e-02
7.935266e+01	1.370000e-02
7.937751e+01	6.180000e-02
7.940237e+01	5.000000e-02
7.942723e+01	2.160000e-02
7.945209e+01	2.160000e-02
7.947695e+01	-7.650000e-02
7.950181e+01	-1.177000e-01
7.952667e+01	-1.402000e-01
7.955153e+01	-5.980000e-02
7.957639e+01	8.140000e-02
7.960125e+01	1.000000e-01
7.962611e+01	3.140000e-02
7.965097e+01	5.200000e-02
7.967583e+01	1.098000e-01
7.970069e+01	-1.770000e-02
7.972555e+01	-1.470000e-02
7.975041e+01	-9.710000e-02
7.977527e+01	-7.940000e-02
7.980013e+01	-1.265000e-01
7.982499e+01	-3.140000e-02
7.984985e+01	4.220000e-02
7.987471e+01	0.000000e+00
7.989957e+01	9.320000e-02
7.992443e+01	1.559000e-01
7.994929e+01	2.940000e-02
7.997415e+01	4.810000e-02
7.999901e+01	-4.020000e-02
8.002387e+01	-6.080000e-02
8.004873e+01	-9.510000e-02
8.007359e+01	-1.716000e-01
8.009845e+01	-9.410000e-02
8.012331e+01	4.510000e-02
8.014817e+01	1.196000e-01
8.017303e+01	1.736000e-01
8.019789e+01	1.442000e-01
8.022275e+01	4.120000e-02
8.024761e+01	-6.670000e-02
8.027247e+01	-1.373000e-01
8.029733e+01	-1.098000e-01
8.032219e+01	-7.940000e-02
8.034705e+01	-8.240000e-02
8.037191e+01	-9.800000e-03
8.039677e+01	4.900000e-02
8.042163e+01	1.010000e-01
8.044649e+01	1.960000e-02
8.047135e+01	5.900000e-03
8.049621e+01	2.840000e-02
8.052107e+01	-3.040000e-02
8.054593e+01	5.390000e-02
8.057079e+01	7.750000e-02
8.059565e+01	5.790000e-02
8.062051e+01	-3.040000e-02
8.064537e+01	-1.270000e-02
8.067023e+01	-2.060000e-02
8.069509e+01	1.470000e-02
